0 10.8338985360153188
1 10.8349969005756357
2 10.8382932517667108
3 10.8437913657182072
4 10.8514975480017384
5 10.8614206517271210
6 10.8735721030272430
7 10.8879659340427999
8 10.9046188236061230
9 10.9235501458326105
10 10.9447820268958331
11 10.9683394102910423
12 10.9942501309537715
13 11.0225449986505488
14 11.0532578911069592
15 11.0864258574141008
16 11.1220892323245906
17 11.1602917620723652
18 11.2010807425303831
19 11.2445071704606399
20 11.2906259088717302
21 11.3394958674516246
22 11.3911801992750572
23 11.4457465150148590
24 11.5032671161099742
25 11.5638192484439308
26 11.6274853782767913
27 11.6943534923815022
28 11.7645174245233672
29 11.8380772106977012
30 11.9151394757709959
31 11.9958178545348737
32 12.0802334504499775
33 12.1685153358256990
34 12.2608010975611137
35 12.3572374330931396
36 12.4579808017780778
37 12.5631981375348580
38 12.6730676293600482
39 12.7877795770961313
40 12.9075373308757868
41 13.0325583236674429
42 13.1630752076720103
43 13.2993371067452948
44 13.4416109986767616
45 13.5901832431284966
46 13.7453612732366217
47 13.9074754715101676
48 14.0768812536813748
49 14.2539613877448073
50 14.4391285795040254
51 14.6328283609374665
52 14.8355423233336232
53 15.0477917440706790
54 15.2701416638555649
55 15.5032054809859776
56 15.7476501405370843
57 16.0042020101657414
58 16.2736535507938420
59 16.5568709102801215
60 16.8548025924671023
61 17.1684893833727159
62 17.4990757523308673
63 17.8478229900799690
64 18.2161244004148344
65 18.6055229297093163
66 19.0177317031122541
67 19.4546580421615047
68 19.9184316721866068
69 20.4114379975999576
70 20.9363575399291157
71 21.4962129124976506
72 22.0944250669868296
73 22.7348810196483377
74 23.4220158864499481
75 24.1609128827910347
76 24.9574260510708541
77 25.8183319796696438
78 26.7515188305108893
79 27.7662238358835225
80 28.8733344111331434
81 30.0857736921130581
82 31.4189994666922914
83 32.8916574156054651
84 34.5264473673424916
85 36.3512882622551246
86 38.4009093238486230
87 40.7190611675097429
88 43.3616482054209200
89 46.4012636215911272
90 49.9339186903202688
91 54.0893138422417579
92 59.0470353461414845
93 65.0630902993591462
94 72.5153951837116040
95 81.9861470355172628
96 94.4214175886977216
97 111.4680742450515538
98 136.2701387328853002
99 175.6704845771633927
100 247.9167782478845936
101 423.3928823777549724
102 1476.3213072610462859
103 -980.5588526465866153
104 -366.3562441063602932
105 -224.6277526808998459
106 -161.6448376794459989
107 -126.0516041322349281
108 -103.1749405075563288
109 -87.2345312322568702
110 -75.4923330124956351
111 -66.4838118615070925
112 -59.3546569854826345
113 -53.5729396401370721
114 -48.7901553376932355
115 -44.7684364318350418
116 -41.3398767978138437
117 -38.3825723977325168
118 -35.8058770132354240
119 -33.5409872317260636
120 -31.5347370965067313
121 -29.7453944828898997
122 -28.1397442981669741
123 -26.6910212350473870
124 -25.3774167604852572
125 -24.1809824792350270
126 -23.0868123034382577
127 -22.0824240931352733
128 -21.1572862249063398
129 -20.3024509496340215
130 -19.5102674551972513
131 -18.7741551258882673
132 -18.0884227628454362
133 -17.4481232515363160
134 -16.8489358240930471
135 -16.2870699912289716
136 -15.7591866292181511
137 -15.2623327513158600
138 -14.7938872727672788
139 -14.3515156668886625
140 -13.9331318569106948
141 -13.5368660314344194
142 -13.1610373363535960
143 -12.8041306025430490
144 -12.4647764301142985
145 -12.1417340777937888
146 -11.8338767069773869
147 -11.5401786109491429
148 -11.2597041244825355
149 -10.9915979614289530
150 -10.7350767702886039
151 -10.4894217323297809
152 -10.2539720551289193
153 -10.0281192376508326
154 -9.8113020021925976
155 -9.6030018044988061
156 -9.4027388464311095
157 -9.2100685268970750
158 -9.0245782757466557
159 -8.8458847233380613
160 -8.6736311649549034
161 -8.5074852848571716
162 -8.3471371094715909
163 -8.1922971632567947
164 -8.0426948042022275
165 -7.8980767188858092
166 -7.7582055595194239
167 -7.6228587075920640
168 -7.4918271506199110
169 -7.3649144600971734
170 -7.2419358601679384
171 -7.1227173777809414
172 -7.0070950661051903
173 -6.8949142939636392
174 -6.7860290948179349
175 -6.6803015695681074
176 -6.5776013380474243
177 -6.4778050346379068
178 -6.3807958439336074
179 -6.2864630727785675
180 -6.1947017553982899
181 -6.1054122886946720
182 -6.0185000950250362
183 -5.9338753101043569
184 -5.8514524938529453
185 -5.7711503622598919
186 -5.6928915385011072
187 -5.6166023217072327
188 -5.5422124719487460
189 -5.4696550101250612
190 -5.3988660315698134
191 -5.3297845322747062
192 -5.2623522467641806
193 -5.1965134967065492
194 -5.1322150494528493
195 -5.0694059857373475
196 -5.0080375758729927
197 -4.9480631637976717
198 -4.8894380584034671
199 -4.8321194316230329
200 -4.7760662227814521
201 -4.7212390487706726
202 -4.6676001196522732
203 -4.6151131592717398
204 -4.5637433305933550
205 -4.5134571653887106
206 -4.4642224980058645
207 -4.4160084029245787
208 -4.3687851358989720
209 -4.3225240783781098
210 -4.2771976850522826
211 -4.2327794342878313
212 -4.1892437812890195
213 -4.1465661137902554
214 -4.1047227101471497
215 -4.0636906996520654
216 -4.0234480249535514
217 -3.9839734064488543
218 -3.9452463085142528
219 -3.9072469074893661
220 -3.8699560612962891
221 -3.8333552805831808
222 -3.7974267013350103
223 -3.7621530588362990
224 -3.7275176629301736
225 -3.6935043744811455
226 -3.6600975829920808
227 -3.6272821852922599
228 -3.5950435652499086
229 -3.5633675744426565
230 -3.5322405137470483
231 -3.5016491157796441
232 -3.4715805281622316
233 -3.4420222975470214
234 -3.4129623543754986
235 -3.3843889983390607
236 -3.3562908844697121
237 -3.3286570098773001
238 -3.3014767010615360
239 -3.2747396017822155
240 -3.2484356614677212
241 -3.2225551241164263
242 -3.1970885176864856
243 -3.1720266439281888
244 -3.1473605686561408
245 -3.1230816124408118
246 -3.0991813416551297
247 -3.0756515599453316
248 -3.0524843000067858
249 -3.0296718157263891
250 -3.0072065746329324
251 -2.9850812506574051
252 -2.9632887171813094
253 -2.9418220403735535
254 -2.9206744727689902
255 -2.8998394471281399
256 -2.8793105705142152
257 -2.8590816186192729
258 -2.8391465302931906
259 -2.8194994022968847
260 -2.8001344842441180
261 -2.7810461737496683
262 -2.7622290117456170
263 -2.7436776779811969
264 -2.7253869866896667
265 -2.7073518824178646
266 -2.6895674360027630
267 -2.6720288406987138
268 -2.6547314084520499
269 -2.6376705662955042
270 -2.6208418528878568
271 -2.6042409151697838
272 -2.5878635051351973
273 -2.5717054767259802
274 -2.5557627828260157
275 -2.5400314723676094
276 -2.5245076875357038
277 -2.5091876610664285
278 -2.4940677136418277
279 -2.4791442513720638
280 -2.4644137633634502
281 -2.4498728193673500
282 -2.4355180675088546
283 -2.4213462320949093
284 -2.4073541114861534
285 -2.3935385760509620
286 -2.3798965661746667
287 -2.3664250903458872
288 -2.3531212232928844
289 -2.3399821041902773
290 -2.3270049349170834
291 -2.3141869783752593
292 -2.3015255568582385
293 -2.2890180504699131
294 -2.2766618956003239
295 -2.2644545834400955
296 -2.2523936585491864
297 -2.2404767174649129
298 -2.2287014073550853
299 -2.2170654247113251
300 -2.2055665140835585
301 -2.1942024668532474
302 -2.1829711200438204
303 -2.1718703551611469
304 -2.1608980970807417
305 -2.1500523129553040
306 -2.1393310111674784
307 -2.1287322402969364
308 -2.1182540881368208
309 -2.1078946807241330
310 -2.0976521814051705
311 -2.0875247899279459
312 -2.0775107415610403
313 -2.0676083062323594
314 -2.0578157876984853
315 -2.0481315227368544
316 -2.0385538803578704
317 -2.0290812610444391
318 -2.0197120960040484
319 -2.0104448464503291
320 -2.0012780029012061
321 -1.9922100844983552
322 -1.9832396383427850
323 -1.9743652388487996
324 -1.9655854871054526
325 -1.9568990103004071
326 -1.9483044610811830
327 -1.9398005170100503
328 -1.9313858799920118
329 -1.9230592757198117
330 -1.9148194531507086
331 -1.9066651839797968
332 -1.8985952621457072
333 -1.8906085033318640
334 -1.8827037444867889
335 -1.8748798433616429
336 -1.8671356780508339
337 -1.8594701465566899
338 -1.8518821663510037
339 -1.8443706739613990
340 -1.8369346245560449
341 -1.8295729915505738
342 -1.8222847662080419
343 -1.8150689572820222
344 -1.8079245906197805
345 -1.8008507088272849
346 -1.7938463708975547
347 -1.7869106518774602
348 -1.7800426425369924
349 -1.7732414490305952
350 -1.7665061926010479
351 -1.7598360092424592
352 -1.7532300494233568
353 -1.7466874777691124
354 -1.7402074727898647
355 -1.7337892265943564
356 -1.7274319446098487
357 -1.7211348453243300
358 -1.7148971600164888
359 -1.7087181325044485
360 -1.7025970188989255
361 -1.6965330873486566
362 -1.6905256178250481
363 -1.6845739018497063
364 -1.6786772423280205
365 -1.6728349532593074
366 -1.6670463595805800
367 -1.6613107969119605
368 -1.6556276113746244
369 -1.6499961593791637
370 -1.6444158074267499
371 -1.6388859319262017
372 -1.6334059189919281
373 -1.6279751642742406
374 -1.6225930727651869
375 -1.6172590586327655
376 -1.6119725450425380
377 -1.6067329639952030
378 -1.6015397561530711
379 -1.5963923706925773
380 -1.5912902651307472
381 -1.5862329051849735
382 -1.5812197646129551
383 -1.5762503250689741
384 -1.5713240759655460
385 -1.5664405143148832
386 -1.5615991446149387
387 -1.5567994786953827
388 -1.5520410355913714
389 -1.5473233414156531
390 -1.5426459292316872
391 -1.5380083389271879
392 -1.5334101170960515
393 -1.5288508169159227
394 -1.5243299980357881
395 -1.5198472264603409
396 -1.5154020744340619
397 -1.5109941203419368
398 -1.5066229485899880
399 -1.5022881495153331
400 -1.4979893192679994
401 -1.4937260597222648
402 -1.4894979783719673
403 -1.4853046882354350
404 -1.4811458077635709
405 -1.4770209607421600
406 -1.4729297762059088
407 -1.4688718883487331
408 -1.4648469364322294
409 -1.4608545647083888
410 -1.4568944223104916
411 -1.4529661632394955
412 -1.4490694461859577
413 -1.4452039345230614
414 -1.4413692962063782
415 -1.4375652036960804
416 -1.4337913338859061
417 -1.4300473680328665
418 -1.4263329916775471
419 -1.4226478945850989
420 -1.4189917706663704
421 -1.4153643179176800
422 -1.4117652383502897
423 -1.4081942379278494
424 -1.4046510265023620
425 -1.4011353177503383
426 -1.3976468291164248
427 -1.3941852817458122
428 -1.3907504004295375
429 -1.3873419135498841
430 -1.3839595530165927
431 -1.3806030542151551
432 -1.3772721559547658
433 -1.3739666004078472
434 -1.3706861330635305
435 -1.3674305026745326
436 -1.3641994612019301
437 -1.3609927637721930
438 -1.3578101686241042
439 -1.3546514370623688
440 -1.3515163334093829
441 -1.3484046249600594
442 -1.3453160819344232
443 -1.3422504774367883
444 -1.3392075874078613
445 -1.3361871905850988
446 -1.3331890684557375
447 -1.3302130052235142
448 -1.3272587877574298
449 -1.3243262055571143
450 -1.3214150507229181
451 -1.3185251178935105
452 -1.3156562042318758
453 -1.3128081093753095
454 -1.3099806354053765
455 -1.3071735868024668
456 -1.3043867704211984
457 -1.3016199954449570
458 -1.2988730733657341
459 -1.2961458179362808
460 -1.2934380451482439
461 -1.2907495731845535
462 -1.2880802224099939
463 -1.2854298153157329
464 -1.2827981765233891
465 -1.2801851326998686
466 -1.2775905125730453
467 -1.2750141469101810
468 -1.2724558684258058
469 -1.2699155118291705
470 -1.2673929137486222
471 -1.2648879127280617
472 -1.2624003491786524
473 -1.2599300653716667
474 -1.2574769054012749
475 -1.2550407151666496
476 -1.2526213423402468
477 -1.2502186363468333
478 -1.2478324483362968
479 -1.2454626311625836
480 -1.2431090393600897
481 -1.2407715291154520
482 -1.2384499582564819
483 -1.2361441862129348
484 -1.2338540740079771
485 -1.2315794842335079
486 -1.2293202810256592
487 -1.2270763300446381
488 -1.2248474984564177
489 -1.2226336549095671
490 -1.2204346695172237
491 -1.2182504138377430
492 -1.2160807608531279
493 -1.2139255849507988
494 -1.2117847619053754
495 -1.2096581688616999
496 -1.2075456843118990
497 -1.2054471880846107
498 -1.2033625613197727
499 -1.2012916864539032
500 -1.1992344472097571
501 -1.1971907285669996
502 -1.1951604167572984
503 -1.1931433992368332
504 -1.1911395646847023
505 -1.1891488029728114
506 -1.1871710051582687
507 -1.1852060634656552
508 -1.1832538712733902
509 -1.1813143230963332
510 -1.1793873145748690
511 -1.1774727424565288
512 -1.1755705045844769
513 -1.1736804998840082
514 -1.1718026283422540
515 -1.1699367910082825
516 -1.1680828899630666
517 -1.1662408283197159
518 -1.1644105102024040
519 -1.1625918407389564
520 -1.1607847260457227
521 -1.1589890732110470
522 -1.1572047902936931
523 -1.1554317862997399
524 -1.1536699711776777
525 -1.1519192558031635
526 -1.1501795519707410
527 -1.1484507723782271
528 -1.1467328306213902
529 -1.1450256411700928
530 -1.1433291193827411
531 -1.1416431814655699
532 -1.1399677444812961
533 -1.1383027263356582
534 -1.1366480457606669
535 -1.1350036223149689
536 -1.1333693763588146
537 -1.1317452290632088
538 -1.1301311023845855
539 -1.1285269190618761
540 -1.1269326026075464
541 -1.1253480772955100
542 -1.1237732681554276
543 -1.1222081009591551
544 -1.1206525022183789
545 -1.1191063991671832
546 -1.1175697197661631
547 -1.1160423926746461
548 -1.1145243472648079
549 -1.1130155135918380
550 -1.1115158224095225
551 -1.1100252051349455
552 -1.1085435938639423
553 -1.1070709213531447
554 -1.1056071210037608
555 -1.1041521268766656
556 -1.1027058736592139
557 -1.1012682966825227
558 -1.0998393318887982
559 -1.0984189158471027
560 -1.0970069857300233
561 -1.0956034793157001
562 -1.0942083349789684
563 -1.0928214916794197
564 -1.0914428889632966
565 -1.0900724669507769
566 -1.0887101663288168
567 -1.0873559283543259
568 -1.0860096948287992
569 -1.0846714081165749
570 -1.0833410111123674
571 -1.0820184472620831
572 -1.0807036605326263
573 -1.0793965954232454
574 -1.0780971969481645
575 -1.0768054106379965
576 -1.0755211825313162
577 -1.0742444591705005
578 -1.0729751875921649
579 -1.0717133153253431
580 -1.0704587903871774
581 -1.0692115612719635
582 -1.0679715769560769
583 -1.0667387868759624
584 -1.0655131409408096
585 -1.0642945895164515
586 -1.0630830834256291
587 -1.0618785739414449
588 -1.0606810127808568
589 -1.0594903521013694
590 -1.0583065444918029
591 -1.0571295429769030
592 -1.0559593010088468
593 -1.0547957724567874
594 -1.0536389116090190
595 -1.0524886731682594
596 -1.0513450122397880
597 -1.0502078843393980
598 -1.0490772453771764
599 -1.0479530516604119
600 -1.0468352598898891
601 -1.0457238271473464
602 -1.0446187109046114
603 -1.0435198690048018
604 -1.0424272596713315
605 -1.0413408414972751
606 -1.0402605734387405
607 -1.0391864148219807
608 -1.0381183253273902
609 -1.0370562649923065
610 -1.0360001942036408
611 -1.0349500737007817
612 -1.0339058645650094
613 -1.0328675282201196
614 -1.0318350264244638
615 -1.0308083212763304
616 -1.0297873751962829
617 -1.0287721509384200
618 -1.0277626115786738
619 -1.0267587205127822
620 -1.0257604414556563
621 -1.0247677384341980
622 -1.0237805757881040
623 -1.0227989181625763
624 -1.0218227305082632
625 -1.0208519780768193
626 -1.0198866264214654
627 -1.0189266413851594
628 -1.0179719891094663
629 -1.0170226360191450
630 -1.0160785488317128
631 -1.0151396945437325
632 -1.0142060404354558
633 -1.0132775540637389
634 -1.0123542032617046
635 -1.0114359561349286
636 -1.0105227810582094
637 -1.0096146466746472
638 -1.0087115218913569
639 -1.0078133758763586
640 -1.0069201780593544
641 -1.0060318981262426
642 -1.0051485060162477
643 -1.0042699719217687
644 -1.0033962662836438
645 -1.0025273597893922
646 -1.0016632233733833
647 -1.0008038282100979
648 -0.9999491457133031
649 -0.9990991475362914
650 -0.9982538055677754
651 -0.9974130919278781
652 -0.9965769789690069
653 -0.9957454392700540
654 -0.9949184456373099
655 -0.9940959711027186
656 -0.9932779889207087
657 -0.9924644725613618
658 -0.9916553957154732
659 -0.9908507322905061
660 -0.9900504564064283
661 -0.9892545423967636
662 -0.9884629648010389
663 -0.9876756983684543
664 -0.9868927180563238
665 -0.9861139990261127
666 -0.9853395166331496
667 -0.9845692464445441
668 -0.9838031642114167
669 -0.9830412458981495
670 -0.9822834676605448
671 -0.9815298058220209
672 -0.9807802369424796
673 -0.9800347377266871
674 -0.9792932850915080
675 -0.9785558561299805
676 -0.9778224281297849
677 -0.9770929785509042
678 -0.9763674850383872
679 -0.9756459254126979
680 -0.9749282776762194
681 -0.9742145200037715
682 -0.9735046307475738
683 -0.9727985884291763
684 -0.9720963717433880
685 -0.9713979595548387
686 -0.9707033308931914
687 -0.9700124649564885
688 -0.9693253411074061
689 -0.9686419388714465
690 -0.9679622379415667
691 -0.9672862181676034
692 -0.9666138595582989
693 -0.9659451422742598
694 -0.9652800466392413
695 -0.9646185531304041
696 -0.9639606423824545
697 -0.9633062951782572
698 -0.9626554924510867
699 -0.9620082152823334
700 -0.9613644449067238
701 -0.9607241627030154
702 -0.9600873501975322
703 -0.9594539890583496
704 -0.9588240610954601
705 -0.9581975482648198
706 -0.9575744326623498
707 -0.9569546965235771
708 -0.9563383222190679
709 -0.9557252922622486
710 -0.9551155892909214
711 -0.9545091960937364
712 -0.9539060955804392
713 -0.9533062708001722
714 -0.9527097049274454
715 -0.9521163812728477
716 -0.9515262832721869
717 -0.9509393944915203
718 -0.9503556986227351
719 -0.9497751794818008
720 -0.9491978210123283
721 -0.9486236072818447
722 -0.9480525224782993
723 -0.9474845509123796
724 -0.9469196770138366
725 -0.9463578853355835
726 -0.9457991605458342
727 -0.9452434874330827
728 -0.9446908508992589
729 -0.9441412359648163
730 -0.9435946277625142
731 -0.9430510115438713
732 -0.9425103726668571
733 -0.9419726966054783
734 -0.9414379689424701
735 -0.9409061753725489
736 -0.9403773016991177
737 -0.9398513338328881
738 -0.9393282577926251
739 -0.9388080597044307
740 -0.9382907257993472
741 -0.9377762424133230
742 -0.9372645959862108
743 -0.9367557730601389
744 -0.9362497602831541
745 -0.9357465444003047
746 -0.9352461122601985
747 -0.9347484508098745
748 -0.9342535470963210
749 -0.9337613882653730
750 -0.9332719615550074
751 -0.9327852543127968
752 -0.9323012539683283
753 -0.9318199480533806
754 -0.9313413241932231
755 -0.9308653701068620
756 -0.9303920736060367
757 -0.9299214225950739
758 -0.9294534050696149
759 -0.9289880091165511
760 -0.9285252229126629
761 -0.9280650347233479
762 -0.9276074329054759
763 -0.9271524058994950
764 -0.9266999422382625
765 -0.9262500305373957
766 -0.9258026595031423
767 -0.9253578179215906
768 -0.9249154946662584
769 -0.9244756786948214
770 -0.9240383590506049
771 -0.9236035248568786
772 -0.9231711653182753
773 -0.9227412697236905
774 -0.9223138274429450
775 -0.9218888279229300
776 -0.9214662606927664
777 -0.9210461153647735
778 -0.9206283816216791
779 -0.9202130492304570
780 -0.9198001080329450
781 -0.9193895479466596
782 -0.9189813589707962
783 -0.9185755311721810
784 -0.9181720547010257
785 -0.9177709197766299
786 -0.9173721166928668
787 -0.9169756358221952
788 -0.9165814676032868
789 -0.9161896025529699
790 -0.9158000312538077
791 -0.9154127443639950
792 -0.9150277326152574
793 -0.9146449868049318
794 -0.9142644978036909
795 -0.9138862565489507
796 -0.9135102540461095
797 -0.9131364813729896
798 -0.9127649296718219
799 -0.9123955901547538
800 -0.9120284541014561
801 -0.9116635128539523
802 -0.9113007578260000
803 -0.9109401804913555
804 -0.9105817723924823
805 -0.9102255251374634
806 -0.9098714303935054
807 -0.9095194799003936
808 -0.9091696654487920
809 -0.9088219789042937
810 -0.9084764121932620
811 -0.9081329572890466
812 -0.9077916062454074
813 -0.9074523511799597
814 -0.9071151842480525
815 -0.9067800976835532
816 -0.9064470837796668
817 -0.9061161348788151
818 -0.9057872433947507
819 -0.9054604017910075
820 -0.9051356025944157
821 -0.9048128383906204
822 -0.9044921018167225
823 -0.9041733855744507
824 -0.9038566824165688
825 -0.9035419851562685
826 -0.9032292866636082
827 -0.9029185798589094
828 -0.9026098577218673
829 -0.9023031132891992
830 -0.9019983396487357
831 -0.9016955299433409
832 -0.9013946773685353
833 -0.9010957751806727
834 -0.9007988166802687
835 -0.9005037952262023
836 -0.9002107042274448
837 -0.8999195371466482
838 -0.8996302874989524
839 -0.8993429488502875
840 -0.8990575148176916
841 -0.8987739790703975
842 -0.8984923353266825
843 -0.8982125773567806
844 -0.8979346989808161
845 -0.8976586940675673
846 -0.8973845565357523
847 -0.8971122803541141
848 -0.8968418595403733
849 -0.8965732881610418
850 -0.8963065603269507
851 -0.8960416702027003
852 -0.8957786119976316
853 -0.8955173799689145
854 -0.8952579684208248
855 -0.8950003717045236
856 -0.8947445842188890
857 -0.8944906004070874
858 -0.8942384147598936
859 -0.8939880218135126
860 -0.8937394161497307
861 -0.8934925923952726
862 -0.8932475452234727
863 -0.8930042693494094
864 -0.8927627595376988
865 -0.8925230105885733
866 -0.8922850173550501
867 -0.8920487747313102
868 -0.8918142776523155
869 -0.8915815210999174
870 -0.8913505000959132
871 -0.8911212097096231
872 -0.8908936450450637
873 -0.8906678012572407
874 -0.8904436735359367
875 -0.8902212571189478
876 -0.8900005472824439
877 -0.8897815393447521
878 -0.8895642286650602
879 -0.8893486106431689
880 -0.8891346807205549
881 -0.8889224343767426
882 -0.8887118671416276
883 -0.8885029745697999
884 -0.8882957522668748
885 -0.8880901958741054
886 -0.8878863010740696
887 -0.8876840635864252
888 -0.8874834791715465
889 -0.8872845436281116
890 -0.8870872527971585
891 -0.8868916025531526
892 -0.8866975888100086
893 -0.8865052075213882
894 -0.8863144546736770
895 -0.8861253263000215
896 -0.8859378184658713
897 -0.8857519272843355
898 -0.8855676488890012
899 -0.8853849794522386
900 -0.8852039151962412
901 -0.8850244523696915
902 -0.8848465872652564
903 -0.8846703162062575
904 -0.8844956355533267
905 -0.8843225417029146
906 -0.8841510310890968
907 -0.8839811001817885
908 -0.8838127454861500
909 -0.8836459635415466
910 -0.8834807509209277
911 -0.8833171042381451
912 -0.8831550201363889
913 -0.8829944953055673
914 -0.8828355264341852
915 -0.8826781103014483
916 -0.8825222436797873
917 -0.8823679233867878
918 -0.8822151462764225
919 -0.8820639092333806
920 -0.8819142091765286
921 -0.8817660430589171
922 -0.8816194078956414
923 -0.8814743006556682
924 -0.8813307184249055
925 -0.8811886582877548
926 -0.8810481173605922
927 -0.8809090928029804
928 -0.8807715817923452
929 -0.8806355815596092
930 -0.8805010893455858
931 -0.8803681024194390
932 -0.8802366181305139
933 -0.8801066338046795
934 -0.8799781468308581
935 -0.8798511546140837
936 -0.8797256546046448
937 -0.8796016442734924
938 -0.8794791211307320
939 -0.8793580827140808
940 -0.8792385265920757
941 -0.8791204503691930
942 -0.8790038516756660
943 -0.8788887281766282
944 -0.8787750775645460
945 -0.8786628975683684
946 -0.8785521859365559
947 -0.8784429404669254
948 -0.8783351589728774
949 -0.8782288392987638
950 -0.8781239793260660
951 -0.8780205769625269
952 -0.8779186301497059
953 -0.8778181368523743
954 -0.8777190950737985
955 -0.8776215028377035
956 -0.8775253582085245
957 -0.8774306592723367
958 -0.8773374041474469
959 -0.8772455909823584
960 -0.8771552179543214
961 -0.8770662832700857
962 -0.8769787851665445
963 -0.8768927219126912
964 -0.8768080917954411
965 -0.8767248931447451
966 -0.8766431243122677
967 -0.8765627836815355
968 -0.8764838696608228
969 -0.8764063806924405
970 -0.8763303152440614
971 -0.8762556718137517
972 -0.8761824489299466
973 -0.8761106451433580
974 -0.8760402590395913
975 -0.8759712892300975
976 -0.8759037343554805
977 -0.8758375930851567
978 -0.8757728641161924
979 -0.8757095461716116
980 -0.8756476380056570
981 -0.8755871384038674
982 -0.8755280461726205
983 -0.8754703601495466
984 -0.8754140792012963
985 -0.8753592022231587
986 -0.8753057281346104
987 -0.8752536558883799
988 -0.8752029844575162
989 -0.8751537128503397
990 -0.8751058400993372
991 -0.8750593652653640
992 -0.8750142874379447
993 -0.8749706057285502
994 -0.8749283192870818
995 -0.8748874272772555
996 -0.8748479289058730
997 -0.8748098233938562
998 -0.8747731099962417
999 -0.8747377879924896
1000 -0.8747038566941887
1001 -0.8746713154339956
1002 -0.8746401635765686
1003 -0.8746104005116901
1004 -0.8745820256556387
1005 -0.8745550384557585
1006 -0.8745294383833446
1007 -0.8745052249382628
1008 -0.8744823976447060
1009 -0.8744609560581065
1010 -0.8744408997588042
1011 -0.8744222283560070
1012 -0.8744049414856212
1013 -0.8743890388027973
1014 -0.8743745200039470
1015 -0.8743613848053648
1016 -0.8743496329475171
1017 -0.8743392641950694
1018 -0.8743302783597029
1019 -0.8743226752530147
1020 -0.8743164547340161
1021 -0.8743116166800169
1022 -0.8743081609932331
1023 -0.8743060876076640
1024 -0.8743053964833445
1025 -0.8743060876075504
1026 -0.8743081609931220
1027 -0.8743116166799041
1028 -0.8743164547339033
1029 -0.8743226752529036
1030 -0.8743302783595697
1031 -0.8743392641949752
1032 -0.8743496329474159
1033 -0.8743613848052592
1034 -0.8743745200038333
1035 -0.8743890388026934
1036 -0.8744049414855155
1037 -0.8744222283559067
1038 -0.8744408997587101
1039 -0.8744609560580052
1040 -0.8744823976446048
1041 -0.8745052249381589
1042 -0.8745294383832478
1043 -0.8745550384556688
1044 -0.8745820256555383
1045 -0.8746104005115880
1046 -0.8746401635764851
1047 -0.8746713154339130
1048 -0.8747038566941230
1049 -0.8747377879925073
1050 -0.8747731099959219
1051 -0.8748098233936901
1052 -0.8748479289057176
1053 -0.8748874272771223
1054 -0.8749283192869477
1055 -0.8749706057284197
1056 -0.8750142874378168
1057 -0.8750593652652396
1058 -0.8751058400992049
1059 -0.8751537128502163
1060 -0.8752029844573963
1061 -0.8752536558882538
1062 -0.8753057281344425
1063 -0.8753592022230121
1064 -0.8754140792011684
1065 -0.8754703601494267
1066 -0.8755280461724730
1067 -0.8755871384037386
1068 -0.8756476380055256
1069 -0.8757095461714757
1070 -0.8757728641160680
1071 -0.8758375930850191
1072 -0.8759037343553429
1073 -0.8759712892299678
1074 -0.8760402590394589
1075 -0.8761106451432283
1076 -0.8761824489298125
1077 -0.8762556718136230
1078 -0.8763303152439184
1079 -0.8764063806922930
1080 -0.8764838696606798
1081 -0.8765627836813810
1082 -0.8766431243121522
1083 -0.8767248931446039
1084 -0.8768080917953025
1085 -0.8768927219125420
1086 -0.8769787851663864
1087 -0.8770662832699259
1088 -0.8771552179541651
1089 -0.8772455909821897
1090 -0.8773374041472852
1091 -0.8774306592721661
1092 -0.8775253582083504
1093 -0.8776215028375240
1094 -0.8777190950735942
1095 -0.8778181368522020
1096 -0.8779186301495212
1097 -0.8780205769623421
1098 -0.8781239793258830
1099 -0.8782288392985613
1100 -0.8783351589726696
1101 -0.8784429404666998
1102 -0.8785521859363481
1103 -0.8786628975681392
1104 -0.8787750775643133
1105 -0.8788887281763849
1106 -0.8790038516754191
1107 -0.8791204503689194
1108 -0.8792385265918057
1109 -0.8793580827137966
1110 -0.8794791211304158
1111 -0.8796016442731869
1112 -0.8797256546043073
1113 -0.8798511546137355
1114 -0.8799781468304815
1115 -0.8801066338042602
1116 -0.8802366181300556
1117 -0.8803681024189487
1118 -0.8805010893450387
1119 -0.8806355815589839
1120 -0.8807715817916346
1121 -0.8809090928021348
1122 -0.8810481173596116
1123 -0.8811886582864332
1124 -0.8813307184230155
1125 -0.8814743006524566
1126 -0.8816194078847275
1127 -0.8817660430662499
1128 -0.8819142091792287
1129 -0.8820639092350433
1130 -0.8822151462775878
1131 -0.8823679233877186
1132 -0.8825222436805404
1133 -0.8826781103020878
1134 -0.8828355264347465
1135 -0.8829944953060505
1136 -0.8831550201368259
1137 -0.8833171042385217
1138 -0.8834807509212617
1139 -0.8836459635418557
1140 -0.8838127454864448
1141 -0.8839811001820657
1142 -0.8841510310893383
1143 -0.8843225417031348
1144 -0.8844956355535469
1145 -0.8846703162064582
1146 -0.8848465872654572
1147 -0.8850244523698922
1148 -0.8852039151964313
1149 -0.8853849794524038
1150 -0.8855676488891699
1151 -0.8857519272844900
1152 -0.8859378184660152
1153 -0.8861253263001547
1154 -0.8863144546738031
1155 -0.8865052075215054
1156 -0.8866975888101187
1157 -0.8868916025532627
1158 -0.8870872527972704
1159 -0.8872845436282439
1160 -0.8874834791716513
1161 -0.8876840635865335
1162 -0.8878863010741513
1163 -0.8880901958741960
1164 -0.8882957522669646
1165 -0.8885029745698816
1166 -0.8887118671417102
1167 -0.8889224343768287
1168 -0.8891346807206384
1169 -0.8893486106432560
1170 -0.8895642286651455
1171 -0.8897815393448436
1172 -0.8900005472825283
1173 -0.8902212571190429
1174 -0.8904436735360495
1175 -0.8906678012573481
1176 -0.8908936450451970
1177 -0.8911212097099188
1178 -0.8913505000956174
1179 -0.8915815210998366
1180 -0.8918142776522959
1181 -0.8920487747313048
1182 -0.8922850173550705
1183 -0.8925230105885920
1184 -0.8927627595377192
1185 -0.8930042693494356
1186 -0.8932475452234816
1187 -0.8934925923952988
1188 -0.8937394161497529
1189 -0.8939880218135450
1190 -0.8942384147599034
1191 -0.8944906004070905
1192 -0.8947445842188992
1193 -0.8950003717045387
1194 -0.8952579684208417
1195 -0.8955173799689353
1196 -0.8957786119976565
1197 -0.8960416702027310
1198 -0.8963065603269706
1199 -0.8965732881610657
1200 -0.8968418595403955
1201 -0.8971122803541305
1202 -0.8973845565357745
1203 -0.8976586940675935
1204 -0.8979346989808361
1205 -0.8982125773567988
1206 -0.8984923353267007
1207 -0.8987739790704192
1208 -0.8990575148177049
1209 -0.8993429488503080
1210 -0.8996302874989981
1211 -0.8999195371466708
1212 -0.9002107042274679
1213 -0.9005037952262236
1214 -0.9007988166802892
1215 -0.9010957751806958
1216 -0.9013946773685513
1217 -0.9016955299433418
1218 -0.9019983396487490
1219 -0.9023031132892076
1220 -0.9026098577218713
1221 -0.9029185798589228
1222 -0.9032292866636291
1223 -0.9035419851562847
1224 -0.9038566824165859
1225 -0.9041733855744674
1226 -0.9044921018167325
1227 -0.9048128383906382
1228 -0.9051356025944275
1229 -0.9054604017910171
1230 -0.9057872433947489
1231 -0.9061161348788374
1232 -0.9064470837796790
1233 -0.9067800976835676
1234 -0.9071151842480565
1235 -0.9074523511799728
1236 -0.9077916062454172
1237 -0.9081329572890555
1238 -0.9084764121932614
1239 -0.9088219789042999
1240 -0.9091696654488042
1241 -0.9095194799004198
1242 -0.9098714303935611
1243 -0.9102255251374778
1244 -0.9105817723924901
1245 -0.9109401804913693
1246 -0.9113007578260042
1247 -0.9116635128539652
1248 -0.9120284541014687
1249 -0.9123955901547662
1250 -0.9127649296718410
1251 -0.9131364813730196
1252 -0.9135102540461488
1253 -0.9138862565489958
1254 -0.9142644978038874
1255 -0.9146449868048288
1256 -0.9150277326152054
1257 -0.9154127443639692
1258 -0.9158000312537724
1259 -0.9161896025529508
1260 -0.9165814676032706
1261 -0.9169756358221792
1262 -0.9173721166928557
1263 -0.9177709197766124
1264 -0.9181720547010128
1265 -0.9185755311721717
1266 -0.9189813589707814
1267 -0.9193895479466525
1268 -0.9198001080329323
1269 -0.9202130492304423
1270 -0.9206283816216663
1271 -0.9210461153647600
1272 -0.9214662606927533
1273 -0.9218888279229087
1274 -0.9223138274429610
1275 -0.9227412697236843
1276 -0.9231711653182699
1277 -0.9236035248568675
1278 -0.9240383590505907
1279 -0.9244756786948133
1280 -0.9249154946662678
1281 -0.9253578179216208
1282 -0.9258026595031744
1283 -0.9262500305374174
1284 -0.9266999422382907
1285 -0.9271524058995094
1286 -0.9276074329054779
1287 -0.9280650347233870
1288 -0.9285252229127022
1289 -0.9289880091165889
1290 -0.9294534050696384
1291 -0.9299214225951077
1292 -0.9303920736060701
1293 -0.9308653701068882
1294 -0.9313413241932490
1295 -0.9318199480534098
1296 -0.9323012539683627
1297 -0.9327852543128349
1298 -0.9332719615550404
1299 -0.9337613882654074
1300 -0.9342535470963594
1301 -0.9347484508099181
1302 -0.9352461122602509
1303 -0.9357465444003578
1304 -0.9362497602832263
1305 -0.9367557730602786
1306 -0.9372645959859699
1307 -0.9377762424133029
1308 -0.9382907257993374
1309 -0.9388080597044351
1310 -0.9393282577926314
1311 -0.9398513338329059
1312 -0.9403773016991276
1313 -0.9409061753725502
1314 -0.9414379689424802
1315 -0.9419726966054975
1316 -0.9425103726668723
1317 -0.9430510115438964
1318 -0.9435946277625407
1319 -0.9441412359648278
1320 -0.9446908508992793
1321 -0.9452434874330971
1322 -0.9457991605458366
1323 -0.9463578853356008
1324 -0.9469196770138617
1325 -0.9474845509123974
1326 -0.9480525224783010
1327 -0.9486236072818597
1328 -0.9491978210123454
1329 -0.9497751794818106
1330 -0.9503556986227272
1331 -0.9509393944915236
1332 -0.9515262832722086
1333 -0.9521163812728685
1334 -0.9527097049274791
1335 -0.9533062708001804
1336 -0.9539060955804509
1337 -0.9545091960937483
1338 -0.9551155892909714
1339 -0.9557252922622644
1340 -0.9563383222190868
1341 -0.9569546965236022
1342 -0.9575744326623827
1343 -0.9581975482648540
1344 -0.9588240610954802
1345 -0.9594539890583558
1346 -0.9600873501975490
1347 -0.9607241627030337
1348 -0.9613644449067411
1349 -0.9620082152823461
1350 -0.9626554924510640
1351 -0.9633062951782843
1352 -0.9639606423824789
1353 -0.9646185531304319
1354 -0.9652800466392658
1355 -0.9659451422742846
1356 -0.9666138595583220
1357 -0.9672862181676223
1358 -0.9679622379415922
1359 -0.9686419388714660
1360 -0.9693253411074303
1361 -0.9700124649565162
1362 -0.9707033308932222
1363 -0.9713979595548612
1364 -0.9720963717434147
1365 -0.9727985884292014
1366 -0.9735046307476194
1367 -0.9742145200037943
1368 -0.9749282776762535
1369 -0.9756459254127331
1370 -0.9763674850384186
1371 -0.9770929785509308
1372 -0.9778224281298168
1373 -0.9785558561300161
1374 -0.9792932850915530
1375 -0.9800347377267125
1376 -0.9807802369425237
1377 -0.9815298058220638
1378 -0.9822834676606054
1379 -0.9830412458982365
1380 -0.9838031642115097
1381 -0.9845692464447040
1382 -0.9853395166335932
1383 -0.9861139990257826
1384 -0.9868927180562310
1385 -0.9876756983684134
1386 -0.9884629648009886
1387 -0.9892545423967477
1388 -0.9900504564064139
1389 -0.9908507322905034
1390 -0.9916553957154632
1391 -0.9924644725613645
1392 -0.9932779889207117
1393 -0.9940959711027146
1394 -0.9949184456373175
1395 -0.9957454392700610
1396 -0.9965769789690085
1397 -0.9974130919278821
1398 -0.9982538055677822
1399 -0.9990991475362940
1400 -0.9999491457133133
1401 -1.0008038282101184
1402 -1.0016632233734151
1403 -1.0025273597894224
1404 -1.0033962662836686
1405 -1.0042699719217985
1406 -1.0051485060162797
1407 -1.0060318981262724
1408 -1.0069201780593757
1409 -1.0078133758763750
1410 -1.0087115218913827
1411 -1.0096146466746712
1412 -1.0105227810582307
1413 -1.0114359561349482
1414 -1.0123542032616835
1415 -1.0132775540637804
1416 -1.0142060404354916
1417 -1.0151396945437758
1418 -1.0160785488317758
1419 -1.0170226360192005
1420 -1.0179719891095247
1421 -1.0189266413852252
1422 -1.0198866264215249
1423 -1.0208519780768985
1424 -1.0218227305083525
1425 -1.0227989181626838
1426 -1.0237805757882275
1427 -1.0247677384343374
1428 -1.0257604414558199
1429 -1.0267587205129862
1430 -1.0277626115789433
1431 -1.0287721509387746
1432 -1.0297873751968838
1433 -1.0308083212779975
1434 -1.0318350264219509
1435 -1.0328675282193551
1436 -1.0339058645645607
1437 -1.0349500737004464
1438 -1.0360001942033785
1439 -1.0370562649920825
1440 -1.0381183253272119
1441 -1.0391864148218204
1442 -1.0402605734385877
1443 -1.0413408414971368
1444 -1.0424272596712103
1445 -1.0435198690046885
1446 -1.0446187109044569
1447 -1.0457238271472371
1448 -1.0468352598897774
1449 -1.0479530516603039
1450 -1.0490772453770885
1451 -1.0502078843393048
1452 -1.0513450122397072
1453 -1.0524886731681862
1454 -1.0536389116089449
1455 -1.0547957724567218
1456 -1.0559593010087760
1457 -1.0571295429768348
1458 -1.0583065444917321
1459 -1.0594903521013059
1460 -1.0606810127807931
1461 -1.0618785739413821
1462 -1.0630830834255813
1463 -1.0642945895163882
1464 -1.0655131409407472
1465 -1.0667387868758949
1466 -1.0679715769560536
1467 -1.0692115612719086
1468 -1.0704587903871248
1469 -1.0717133153252918
1470 -1.0729751875921205
1471 -1.0742444591704516
1472 -1.0755211825312656
1473 -1.0768054106379357
1474 -1.0780971969481066
1475 -1.0793965954231959
1476 -1.0807036605325686
1477 -1.0820184472620216
1478 -1.0833410111122668
1479 -1.0846714081165310
1480 -1.0860096948287601
1481 -1.0873559283542760
1482 -1.0887101663287517
1483 -1.0900724669507296
1484 -1.0914428889632508
1485 -1.0928214916793730
1486 -1.0942083349789278
1487 -1.0956034793156562
1488 -1.0970069857299809
1489 -1.0984189158470608
1490 -1.0998393318887576
1491 -1.1012682966824783
1492 -1.1027058736591684
1493 -1.1041521268766317
1494 -1.1056071210037275
1495 -1.1070709213530974
1496 -1.1085435938639023
1497 -1.1100252051349122
1498 -1.1115158224094572
1499 -1.1130155135917983
1500 -1.1145243472647670
1501 -1.1160423926746112
1502 -1.1175697197661272
1503 -1.1191063991671395
1504 -1.1206525022183425
1505 -1.1222081009591229
1506 -1.1237732681553863
1507 -1.1253480772954876
1508 -1.1269326026075253
1509 -1.1285269190618812
1510 -1.1301311023847562
1511 -1.1317452290630223
1512 -1.1333693763587276
1513 -1.1350036223149105
1514 -1.1366480457605805
1515 -1.1383027263355778
1516 -1.1399677444812264
1517 -1.1416431814655110
1518 -1.1433291193826873
1519 -1.1450256411700281
1520 -1.1467328306213280
1521 -1.1484507723781616
1522 -1.1501795519706852
1523 -1.1519192558031024
1524 -1.1536699711776184
1525 -1.1554317862996868
1526 -1.1572047902936302
1527 -1.1589890732109940
1528 -1.1607847260456601
1529 -1.1625918407388933
1530 -1.1644105102023592
1531 -1.1662408283196501
1532 -1.1680828899630040
1533 -1.1699367910082286
1534 -1.1718026283422187
1535 -1.1736804998839665
1536 -1.1755705045844764
1537 -1.1774727424565812
1538 -1.1793873145749092
1539 -1.1813143230963881
1540 -1.1832538712734471
1541 -1.1852060634657111
1542 -1.1871710051582891
1543 -1.1891488029728616
1544 -1.1911395646847756
1545 -1.1931433992369049
1546 -1.1951604167573489
1547 -1.1971907285670615
1548 -1.1992344472098204
1549 -1.2012916864539651
1550 -1.2033625613198324
1551 -1.2054471880846718
1552 -1.2075456843119656
1553 -1.2096581688617631
1554 -1.2117847619054429
1555 -1.2139255849508652
1556 -1.2160807608532012
1557 -1.2182504138378261
1558 -1.2204346695172794
1559 -1.2226336549096606
1560 -1.2248474984565048
1561 -1.2270763300448211
1562 -1.2293202810254817
1563 -1.2315794842335059
1564 -1.2338540740080031
1565 -1.2361441862129781
1566 -1.2384499582565329
1567 -1.2407715291155033
1568 -1.2431090393601385
1569 -1.2454626311626384
1570 -1.2478324483363674
1571 -1.2502186363468926
1572 -1.2526213423402983
1573 -1.2550407151667085
1574 -1.2574769054013064
1575 -1.2599300653717187
1576 -1.2624003491787021
1577 -1.2648879127281130
1578 -1.2673929137486759
1579 -1.2699155118292298
1580 -1.2724558684258687
1581 -1.2750141469102316
1582 -1.2775905125731042
1583 -1.2801851326999225
1584 -1.2827981765234515
1585 -1.2854298153157937
1586 -1.2880802224100651
1587 -1.2907495731846232
1588 -1.2934380451483118
1589 -1.2961458179363516
1590 -1.2988730733657916
1591 -1.3016199954450287
1592 -1.3043867704212677
1593 -1.3071735868025232
1594 -1.3099806354054144
1595 -1.3128081093753909
1596 -1.3156562042319540
1597 -1.3185251178935880
1598 -1.3214150507230067
1599 -1.3243262055571876
1600 -1.3272587877575097
1601 -1.3302130052235897
1602 -1.3331890684558192
1603 -1.3361871905851790
1604 -1.3392075874079437
1605 -1.3422504774368720
1606 -1.3453160819345011
1607 -1.3484046249601696
1608 -1.3515163334094840
1609 -1.3546514370624743
1610 -1.3578101686242003
1611 -1.3609927637722989
1612 -1.3641994612020387
1613 -1.3674305026746432
1614 -1.3706861330636426
1615 -1.3739666004079603
1616 -1.3772721559548904
1617 -1.3806030542152832
1618 -1.3839595530167281
1619 -1.3873419135500347
1620 -1.3907504004296787
1621 -1.3941852817459677
1622 -1.3976468291165820
1623 -1.4011353177505146
1624 -1.4046510265025416
1625 -1.4081942379280457
1626 -1.4117652383504762
1627 -1.4153643179178936
1628 -1.4189917706666009
1629 -1.4226478945853620
1630 -1.4263329916778420
1631 -1.4300473680331964
1632 -1.4337913338862678
1633 -1.4375652036964888
1634 -1.4413692962068976
1635 -1.4452039345237209
1636 -1.4490694461868732
1637 -1.4529661632410331
1638 -1.4568944223157094
1639 -1.4608545647048832
1640 -1.4648469364309544
1641 -1.4688718883479792
1642 -1.4729297762053541
1643 -1.4770209607417175
1644 -1.4811458077632229
1645 -1.4853046882351411
1646 -1.4894979783717142
1647 -1.4937260597220383
1648 -1.4979893192678009
1649 -1.5022881495151565
1650 -1.5066229485898273
1651 -1.5109941203417894
1652 -1.5154020744339320
1653 -1.5198472264602294
1654 -1.5243299980356948
1655 -1.5288508169158133
1656 -1.5334101170959558
1657 -1.5380083389270927
1658 -1.5426459292316022
1659 -1.5473233414155909
1660 -1.5520410355913075
1661 -1.5567994786953321
1662 -1.5615991446148791
1663 -1.5664405143148268
1664 -1.5713240759654892
1665 -1.5762503250689150
1666 -1.5812197646128983
1667 -1.5862329051849162
1668 -1.5912902651306868
1669 -1.5963923706925160
1670 -1.6015397561529980
1671 -1.6067329639951764
1672 -1.6119725450425002
1673 -1.6172590586327478
1674 -1.6225930727651530
1675 -1.6279751642742073
1676 -1.6334059189918917
1677 -1.6388859319261688
1678 -1.6444158074267157
1679 -1.6499961593791224
1680 -1.6556276113745980
1681 -1.6613107969119374
1682 -1.6670463595805549
1683 -1.6728349532592879
1684 -1.6786772423279999
1685 -1.6845739018496968
1686 -1.6905256178250530
1687 -1.6965330873486468
1688 -1.7025970188989366
1689 -1.7087181325044318
1690 -1.7148971600163339
1691 -1.7211348453242741
1692 -1.7274319446098276
1693 -1.7337892265943160
1694 -1.7402074727898396
1695 -1.7466874777690822
1696 -1.7532300494233355
1697 -1.7598360092424223
1698 -1.7665061926010193
1699 -1.7732414490305815
1700 -1.7800426425369718
1701 -1.7869106518774425
1702 -1.7938463708975501
1703 -1.8008507088272661
1704 -1.8079245906197590
1705 -1.8150689572820173
1706 -1.8222847662080017
1707 -1.8295729915505465
1708 -1.8369346245560307
1709 -1.8443706739613828
1710 -1.8518821663509977
1711 -1.8594701465566690
1712 -1.8671356780508199
1713 -1.8748798433616283
1714 -1.8827037444867767
1715 -1.8906085033318545
1716 -1.8985952621456930
1717 -1.9066651839797897
1718 -1.9148194531507112
1719 -1.9230592757197964
1720 -1.9313858799919972
1721 -1.9398005170100472
1722 -1.9483044610811509
1723 -1.9568990103004085
1724 -1.9655854871054463
1725 -1.9743652388487916
1726 -1.9832396383427759
1727 -1.9922100844983419
1728 -2.0012780029011985
1729 -2.0104448464503224
1730 -2.0197120960040333
1731 -2.0290812610444231
1732 -2.0385538803578549
1733 -2.0481315227368437
1734 -2.0578157876984515
1735 -2.0676083062323682
1736 -2.0775107415610274
1737 -2.0875247899279405
1738 -2.0976521814051474
1739 -2.1078946807241046
1740 -2.1182540881368257
1741 -2.1287322402969235
1742 -2.1393310111674957
1743 -2.1500523129553306
1744 -2.1608980970807399
1745 -2.1718703551611345
1746 -2.1829711200438391
1747 -2.1942024668532549
1748 -2.2055665140835625
1749 -2.2170654247113220
1750 -2.2287014073550964
1751 -2.2404767174649223
1752 -2.2523936585491970
1753 -2.2644545834401009
1754 -2.2766618956003324
1755 -2.2890180504699149
1756 -2.3015255568582509
1757 -2.3141869783752669
1758 -2.3270049349170847
1759 -2.3399821041902849
1760 -2.3531212232928924
1761 -2.3664250903458885
1762 -2.3798965661746863
1763 -2.3935385760509806
1764 -2.4073541114861614
1765 -2.4213462320949533
1766 -2.4355180675090815
1767 -2.4498728193672505
1768 -2.4644137633634093
1769 -2.4791442513720452
1770 -2.4940677136417762
1771 -2.5091876610664068
1772 -2.5245076875356718
1773 -2.5400314723675947
1774 -2.5557627828260019
1775 -2.5717054767259677
1776 -2.5878635051351826
1777 -2.6042409151697616
1778 -2.6208418528878390
1779 -2.6376705662954945
1780 -2.6547314084520393
1781 -2.6720288406987094
1782 -2.6895674360027444
1783 -2.7073518824178477
1784 -2.7253869866896570
1785 -2.7436776779811951
1786 -2.7622290117455650
1787 -2.7810461737496626
1788 -2.8001344842441087
1789 -2.8194994022968842
1790 -2.8391465302931764
1791 -2.8590816186192627
1792 -2.8793105705142255
1793 -2.8998394471281626
1794 -2.9206744727690275
1795 -2.9418220403735909
1796 -2.9632887171813431
1797 -2.9850812506574282
1798 -3.0072065746329670
1799 -3.0296718157264380
1800 -3.0524843000068342
1801 -3.0756515599453849
1802 -3.0991813416551635
1803 -3.1230816124408549
1804 -3.1473605686561772
1805 -3.1720266439282323
1806 -3.1970885176865216
1807 -3.2225551241164658
1808 -3.2484356614677625
1809 -3.2747396017822448
1810 -3.3014767010615880
1811 -3.3286570098773525
1812 -3.3562908844697619
1813 -3.3843889983391127
1814 -3.4129623543755558
1815 -3.4420222975470747
1816 -3.4715805281622876
1817 -3.5016491157798075
1818 -3.5322405137468351
1819 -3.5633675744426201
1820 -3.5950435652498967
1821 -3.6272821852922701
1822 -3.6600975829921043
1823 -3.6935043744811766
1824 -3.7275176629302020
1825 -3.7621530588363239
1826 -3.7974267013350502
1827 -3.8333552805832189
1828 -3.8699560612963362
1829 -3.9072469074894127
1830 -3.9452463085143270
1831 -3.9839734064488974
1832 -4.0234480249535878
1833 -4.0636906996521098
1834 -4.1047227101471666
1835 -4.1465661137902954
1836 -4.1892437812890613
1837 -4.2327794342878819
1838 -4.2771976850523163
1839 -4.3225240783781604
1840 -4.3687851358990182
1841 -4.4160084029246214
1842 -4.4642224980059213
1843 -4.5134571653887621
1844 -4.5637433305934101
1845 -4.6151131592717958
1846 -4.6676001196523114
1847 -4.7212390487707134
1848 -4.7760662227815081
1849 -4.8321194316230915
1850 -4.8894380584034796
1851 -4.9480631637977215
1852 -5.0080375758730451
1853 -5.0694059857374052
1854 -5.1322150494528911
1855 -5.1965134967065927
1856 -5.2623522467642347
1857 -5.3297845322747488
1858 -5.3988660315698720
1859 -5.4696550101251162
1860 -5.5422124719487931
1861 -5.6166023217072709
1862 -5.6928915385011134
1863 -5.7711503622599789
1864 -5.8514524938530048
1865 -5.9338753101044199
1866 -6.0185000950250860
1867 -6.1054122886947280
1868 -6.1947017553983486
1869 -6.2864630727786270
1870 -6.3807958439336536
1871 -6.4778050346379574
1872 -6.5776013380474936
1873 -6.6803015695681767
1874 -6.7860290948180086
1875 -6.8949142939637174
1876 -7.0070950661052702
1877 -7.1227173777810258
1878 -7.2419358601679917
1879 -7.3649144600972454
1880 -7.4918271506200007
1881 -7.6228587075921528
1882 -7.7582055595195474
1883 -7.8980767188859033
1884 -8.0426948042023163
1885 -8.1922971632568888
1886 -8.3471371094716726
1887 -8.5074852848572657
1888 -8.6736311649550011
1889 -8.8458847233381483
1890 -9.0245782757467907
1891 -9.2100685268972242
1892 -9.4027388464312587
1893 -9.6030018044990797
1894 -9.8113020021934076
1895 -10.0281192376504755
1896 -10.2539720551288127
1897 -10.4894217323297330
1898 -10.7350767702885861
1899 -10.9915979614289547
1900 -11.2597041244825444
1901 -11.5401786109491518
1902 -11.8338767069773763
1903 -12.1417340777938172
1904 -12.4647764301143340
1905 -12.8041306025430792
1906 -13.1610373363536688
1907 -13.5368660314344815
1908 -13.9331318569107623
1909 -14.3515156668887371
1910 -14.7938872727673498
1911 -15.2623327513159293
1912 -15.7591866292182452
1913 -16.2870699912290888
1914 -16.8489358240930649
1915 -17.4481232515363693
1916 -18.0884227628454965
1917 -18.7741551258883490
1918 -19.5102674551972974
1919 -20.3024509496340961
1920 -21.1572862249064073
1921 -22.0824240931352627
1922 -23.0868123034383217
1923 -24.1809824792350554
1924 -25.3774167604852749
1925 -26.6910212350474154
1926 -28.1397442981669599
1927 -29.7453944828899459
1928 -31.5347370965067668
1929 -33.5409872317261133
1930 -35.8058770132353956
1931 -38.3825723977325168
1932 -41.3398767978138295
1933 -44.7684364318350561
1934 -48.7901553376931503
1935 -53.5729396401370366
1936 -59.3546569854826345
1937 -66.4838118615070215
1938 -75.4923330124957772
1939 -87.2345312322569271
1940 -103.1749405075563715
1941 -126.0516041322350702
1942 -161.6448376794458284
1943 -224.6277526808999028
1944 -366.3562441063604638
1945 -980.5588526465869563
1946 1476.3213072610467407
1947 423.3928823777550861
1948 247.9167782478846789
1949 175.6704845771634780
1950 136.2701387328851013
1951 111.4680742450515112
1952 94.4214175886976648
1953 81.9861470355171207
1954 72.5153951837116324
1955 65.0630902993591036
1956 59.0470353461414277
1957 54.0893138422417152
1958 49.9339186903201480
1959 46.4012636215910703
1960 43.3616482054208774
1961 40.7190611675097216
1962 38.4009093238485519
1963 36.3512882622550819
1964 34.5264473673424490
1965 32.8916574156054438
1966 31.4189994666921955
1967 30.0857736921130154
1968 28.8733344111331078
1969 27.7662238358834657
1970 26.7515188305109177
1971 25.8183319796696367
1972 24.9574260510708434
1973 24.1609128827910382
1974 23.4220158864499233
1975 22.7348810196483342
1976 22.0944250669868225
1977 21.4962129124976897
1978 20.9363575399289559
1979 20.4114379975998830
1980 19.9184316721865429
1981 19.4546580421614550
1982 19.0177317031121724
1983 18.6055229297092701
1984 18.2161244004147918
1985 17.8478229900799157
1986 17.4990757523308531
1987 17.1684893833726804
1988 16.8548025924670597
1989 16.5568709102800966
1990 16.2736535507937781
1991 16.0042020101656632
1992 15.7476501405370257
1993 15.5032054809859154
1994 15.2701416638555081
1995 15.0477917440706186
1996 14.8355423233335699
1997 14.6328283609374257
1998 14.4391285795039543
1999 14.2539613877447557
2000 14.0768812536813268
2001 13.9074754715101125
2002 13.7453612732366004
2003 13.5901832431284504
2004 13.4416109986767118
2005 13.2993371067452610
2006 13.1630752076719446
2007 13.0325583236673772
2008 12.9075373308757264
2009 12.7877795770960461
2010 12.6730676293600624
2011 12.5631981375348047
2012 12.4579808017780316
2013 12.3572374330931041
2014 12.2608010975610462
2015 12.1685153358256493
2016 12.0802334504499242
2017 11.9958178545347991
2018 11.9151394757709497
2019 11.8380772106976444
2020 11.7645174245233051
2021 11.6943534923814241
2022 11.6274853782766314
2023 11.5638192484440623
2024 11.5032671161099849
2025 11.4457465150148501
2026 11.3911801992750448
2027 11.3394958674515980
2028 11.2906259088717071
2029 11.2445071704606168
2030 11.2010807425303280
2031 11.1602917620723368
2032 11.1220892323245586
2033 11.0864258574140599
2034 11.0532578911069432
2035 11.0225449986505257
2036 10.9942501309537448
2037 10.9683394102910192
2038 10.9447820268957852
2039 10.9235501458325750
2040 10.9046188236060946
2041 10.8879659340427821
2042 10.8735721030271648
2043 10.8614206517270588
2044 10.8514975480016815
2045 10.8437913657181575
2046 10.8382932517666504
2047 10.8349969005755895
