0 -1.0000000000000000
1 1.0000000000000100
2 0.9999999999999903
3 0.9999999999999986
4 0.9999999999999946
5 1.0000000000000047
6 0.9999999999999849
7 0.9999999999999917
8 1.0000000000000018
9 1.0000000000000111
10 0.9999999999999929
11 -1.0000000000000038
12 -0.9999999999999957
13 -1.0000000000000044
14 -0.9999999999999873
15 -0.9999999999999984
16 -1.0000000000000007
17 -1.0000000000000102
18 -0.9999999999999915
19 -1.0000000000000029
20 -0.9999999999999951
21 1.0000000000000051
22 0.9999999999999845
23 0.9999999999999917
24 1.0000000000000020
25 1.0000000000000109
26 0.9999999999999930
27 1.0000000000000009
28 0.9999999999999976
29 1.0000000000000071
30 0.9999999999999875
31 -0.9999999999999991
32 -0.9999999999999990
33 -1.0000000000000089
34 -0.9999999999999908
35 -1.0000000000000016
36 -0.9999999999999939
37 -1.0000000000000033
38 -0.9999999999999871
39 -0.9999999999999987
40 -1.0000000000000036
41 1.0000000000000102
42 0.9999999999999908
43 0.9999999999999993
44 0.9999999999999956
45 1.0000000000000053
46 0.9999999999999866
47 0.9999999999999941
48 1.0000000000000027
49 1.0000000000000115
50 -0.9999999999999899
51 -1.0000000000000013
52 -0.9999999999999934
53 -1.0000000000000018
54 -0.9999999999999860
55 -0.9999999999999970
56 -1.0000000000000033
57 -1.0000000000000133
58 -0.9999999999999946
59 -1.0000000000000058
60 -0.9999999999999992
61 1.0000000000000051
62 0.9999999999999843
63 0.9999999999999923
64 0.9999999999999974
65 1.0000000000000073
66 0.9999999999999892
67 0.9999999999999977
68 0.9999999999999959
69 1.0000000000000062
70 -0.9999999999999820
71 -0.9999999999999944
72 -0.9999999999999976
73 -1.0000000000000075
74 -0.9999999999999901
75 -1.0000000000000013
76 -0.9999999999999959
77 -1.0000000000000040
78 -0.9999999999999871
79 -0.9999999999999997
80 -1.0000000000000013
81 1.0000000000000062
82 0.9999999999999873
83 0.9999999999999947
84 0.9999999999999931
85 1.0000000000000027
86 0.9999999999999850
87 0.9999999999999918
88 1.0000000000000040
89 1.0000000000000129
90 0.9999999999999941
91 -0.9999999999999999
92 -0.9999999999999920
93 -1.0000000000000004
94 -0.9999999999999826
95 -0.9999999999999966
96 -0.9999999999999997
97 -1.0000000000000095
98 -0.9999999999999915
99 -1.0000000000000040
100 0.9999999999999899
101 1.0000000000000007
102 0.9999999999999790
103 0.9999999999999865
104 0.9999999999999954
105 1.0000000000000080
106 0.9999999999999905
107 1.0000000000000002
108 0.9999999999999978
109 1.0000000000000089
110 -0.9999999999999821
111 -0.9999999999999942
112 -0.9999999999999948
113 -1.0000000000000047
114 -0.9999999999999860
115 -0.9999999999999997
116 -0.9999999999999932
117 -1.0000000000000040
118 -0.9999999999999885
119 -1.0000000000000011
120 -1.0000000000000069
121 1.0000000000000062
122 0.9999999999999860
123 0.9999999999999952
124 0.9999999999999941
125 1.0000000000000038
126 0.9999999999999846
127 0.9999999999999948
128 0.9999999999999968
129 1.0000000000000098
130 -0.9999999999999812
131 -0.9999999999999944
132 -0.9999999999999863
133 -0.9999999999999932
134 -0.9999999999999800
135 -0.9999999999999921
136 -0.9999999999999989
137 -1.0000000000000087
138 -0.9999999999999927
139 -1.0000000000000040
140 0.9999999999999878
141 0.9999999999999987
142 0.9999999999999782
143 0.9999999999999840
144 0.9999999999999949
145 1.0000000000000042
146 0.9999999999999851
147 0.9999999999999960
148 0.9999999999999928
149 1.0000000000000071
150 -0.9999999999999762
151 -0.9999999999999899
152 -0.9999999999999925
153 -1.0000000000000022
154 -0.9999999999999829
155 -0.9999999999999984
156 -0.9999999999999915
157 -1.0000000000000029
158 -0.9999999999999882
159 -1.0000000000000009
160 -1.0000000000000024
161 1.0000000000000016
162 0.9999999999999808
163 0.9999999999999888
164 0.9999999999999861
165 0.9999999999999991
166 0.9999999999999792
167 0.9999999999999889
168 1.0000000000000040
169 1.0000000000000127
170 -0.9999999999999817
171 -0.9999999999999947
172 -0.9999999999999853
173 -0.9999999999999944
174 -0.9999999999999764
175 -0.9999999999999926
176 -0.9999999999999982
177 -1.0000000000000080
178 -0.9999999999999911
179 -1.0000000000000044
180 -0.9999999999999956
181 0.9999999999999966
182 0.9999999999999767
183 0.9999999999999817
184 0.9999999999999928
185 1.0000000000000051
186 0.9999999999999903
187 0.9999999999999987
188 0.9999999999999966
189 1.0000000000000093
190 -0.9999999999999787
191 -0.9999999999999900
192 -0.9999999999999888
193 -0.9999999999999968
194 -0.9999999999999778
195 -0.9999999999999949
196 -0.9999999999999873
197 -0.9999999999999989
198 -0.9999999999999872
199 -0.9999999999999991
200 0.9999999999999885
201 1.0000000000000004
202 0.9999999999999815
203 0.9999999999999877
204 0.9999999999999888
205 0.9999999999999986
206 0.9999999999999790
207 0.9999999999999895
208 0.9999999999999993
209 1.0000000000000122
210 -0.9999999999999779
211 -0.9999999999999912
212 -0.9999999999999812
213 -0.9999999999999900
214 -0.9999999999999788
215 -0.9999999999999905
216 -0.9999999999999992
217 -1.0000000000000093
218 -0.9999999999999938
219 -1.0000000000000062
220 0.9999999999999826
221 0.9999999999999953
222 0.9999999999999728
223 0.9999999999999805
224 0.9999999999999905
225 1.0000000000000022
226 0.9999999999999878
227 0.9999999999999957
228 0.9999999999999918
229 1.0000000000000084
230 -0.9999999999999741
231 -0.9999999999999867
232 -0.9999999999999875
233 -0.9999999999999980
234 -0.9999999999999860
235 -0.9999999999999962
236 -0.9999999999999938
237 -1.0000000000000029
238 -0.9999999999999842
239 -1.0000000000000024
240 -1.0000000000000029
241 0.9999999999999982
242 0.9999999999999793
243 0.9999999999999855
244 0.9999999999999881
245 0.9999999999999978
246 0.9999999999999780
247 0.9999999999999903
248 1.0000000000000044
249 1.0000000000000151
250 -0.9999999999999780
251 -0.9999999999999918
252 -0.9999999999999851
253 -0.9999999999999916
254 -0.9999999999999782
255 -0.9999999999999915
256 -0.9999999999999954
257 -1.0000000000000095
258 -0.9999999999999911
259 -1.0000000000000067
260 0.9999999999999851
261 0.9999999999999960
262 0.9999999999999752
263 0.9999999999999825
264 0.9999999999999923
265 1.0000000000000062
266 0.9999999999999927
267 1.0000000000000002
268 1.0000000000000009
269 1.0000000000000109
270 -0.9999999999999781
271 -0.9999999999999899
272 -0.9999999999999908
273 -1.0000000000000004
274 -0.9999999999999818
275 -0.9999999999999980
276 -0.9999999999999954
277 -1.0000000000000038
278 -0.9999999999999913
279 -1.0000000000000027
280 0.9999999999999927
281 1.0000000000000022
282 0.9999999999999833
283 0.9999999999999918
284 0.9999999999999871
285 1.0000000000000024
286 0.9999999999999879
287 0.9999999999999948
288 1.0000000000000060
289 1.0000000000000144
290 -0.9999999999999813
291 -0.9999999999999931
292 -0.9999999999999847
293 -0.9999999999999932
294 -0.9999999999999815
295 -0.9999999999999934
296 -0.9999999999999979
297 -1.0000000000000131
298 -0.9999999999999990
299 -1.0000000000000084
300 0.9999999999999863
301 0.9999999999999972
302 0.9999999999999761
303 0.9999999999999839
304 0.9999999999999963
305 1.0000000000000053
306 0.9999999999999921
307 1.0000000000000002
308 0.9999999999999966
309 1.0000000000000113
310 -0.9999999999999764
311 -0.9999999999999882
312 -0.9999999999999920
313 -1.0000000000000022
314 -0.9999999999999888
315 -0.9999999999999998
316 -0.9999999999999988
317 -1.0000000000000075
318 -0.9999999999999947
319 -1.0000000000000053
320 -1.0000000000000049
321 0.9999999999999981
322 0.9999999999999781
323 0.9999999999999861
324 0.9999999999999892
325 0.9999999999999993
326 0.9999999999999852
327 0.9999999999999920
328 1.0000000000000075
329 1.0000000000000162
330 0.9999999999999973
331 -0.9999999999999923
332 -0.9999999999999837
333 -0.9999999999999926
334 -0.9999999999999813
335 -0.9999999999999933
336 -1.0000000000000016
337 -1.0000000000000109
338 -0.9999999999999912
339 -1.0000000000000080
340 0.9999999999999826
341 0.9999999999999937
342 0.9999999999999729
343 0.9999999999999800
344 0.9999999999999970
345 1.0000000000000058
346 0.9999999999999942
347 1.0000000000000013
348 0.9999999999999969
349 1.0000000000000120
350 0.9999999999999927
351 -0.9999999999999876
352 -0.9999999999999872
353 -0.9999999999999972
354 -0.9999999999999843
355 -0.9999999999999968
356 -0.9999999999999881
357 -1.0000000000000040
358 -0.9999999999999916
359 -1.0000000000000033
360 -1.0000000000000080
361 0.9999999999999991
362 0.9999999999999806
363 0.9999999999999881
364 0.9999999999999842
365 1.0000000000000013
366 0.9999999999999800
367 0.9999999999999949
368 1.0000000000000080
369 1.0000000000000162
370 0.9999999999999981
371 -0.9999999999999905
372 -0.9999999999999831
373 -0.9999999999999909
374 -0.9999999999999746
375 -0.9999999999999929
376 -0.9999999999999977
377 -1.0000000000000135
378 -1.0000000000000002
379 -1.0000000000000098
380 0.9999999999999843
381 0.9999999999999947
382 0.9999999999999747
383 0.9999999999999813
384 0.9999999999999833
385 1.0000000000000016
386 0.9999999999999808
387 0.9999999999999957
388 0.9999999999999919
389 1.0000000000000089
390 -0.9999999999999704
391 -0.9999999999999828
392 -0.9999999999999852
393 -0.9999999999999953
394 -0.9999999999999775
395 -0.9999999999999958
396 -0.9999999999999933
397 -1.0000000000000020
398 -0.9999999999999839
399 -1.0000000000000024
400 0.9999999999999849
401 0.9999999999999948
402 0.9999999999999752
403 0.9999999999999825
404 0.9999999999999781
405 0.9999999999999972
406 0.9999999999999758
407 0.9999999999999900
408 1.0000000000000069
409 1.0000000000000153
410 0.9999999999999974
411 -0.9999999999999891
412 -0.9999999999999807
413 -0.9999999999999889
414 -0.9999999999999726
415 -0.9999999999999911
416 -0.9999999999999921
417 -1.0000000000000073
418 -0.9999999999999953
419 -1.0000000000000064
420 0.9999999999999777
421 0.9999999999999897
422 0.9999999999999697
423 0.9999999999999750
424 0.9999999999999938
425 1.0000000000000027
426 0.9999999999999822
427 0.9999999999999976
428 1.0000000000000013
429 1.0000000000000111
430 0.9999999999999911
431 -0.9999999999999835
432 -0.9999999999999835
433 -0.9999999999999931
434 -0.9999999999999815
435 -0.9999999999999943
436 -0.9999999999999948
437 -1.0000000000000013
438 -0.9999999999999831
439 -1.0000000000000031
440 0.9999999999999842
441 0.9999999999999960
442 0.9999999999999754
443 0.9999999999999843
444 0.9999999999999870
445 0.9999999999999990
446 0.9999999999999847
447 0.9999999999999921
448 0.9999999999999960
449 1.0000000000000133
450 0.9999999999999949
451 -0.9999999999999852
452 -0.9999999999999770
453 -0.9999999999999837
454 -0.9999999999999761
455 -0.9999999999999880
456 -0.9999999999999896
457 -1.0000000000000080
458 -0.9999999999999888
459 -1.0000000000000071
460 0.9999999999999788
461 0.9999999999999896
462 0.9999999999999695
463 0.9999999999999748
464 0.9999999999999892
465 1.0000000000000004
466 0.9999999999999790
467 0.9999999999999954
468 1.0000000000000004
469 1.0000000000000102
470 -0.9999999999999682
471 -0.9999999999999807
472 -0.9999999999999832
473 -0.9999999999999929
474 -0.9999999999999757
475 -0.9999999999999944
476 -0.9999999999999847
477 -1.0000000000000022
478 -0.9999999999999933
479 -1.0000000000000038
480 -1.0000000000000031
481 0.9999999999999926
482 0.9999999999999714
483 0.9999999999999792
484 0.9999999999999746
485 0.9999999999999953
486 0.9999999999999819
487 0.9999999999999890
488 1.0000000000000075
489 1.0000000000000158
490 -0.9999999999999752
491 -0.9999999999999861
492 -0.9999999999999764
493 -0.9999999999999856
494 -0.9999999999999672
495 -0.9999999999999896
496 -1.0000000000000013
497 -1.0000000000000080
498 -0.9999999999999890
499 -1.0000000000000080
500 0.9999999999999775
501 0.9999999999999880
502 0.9999999999999679
503 0.9999999999999730
504 0.9999999999999848
505 1.0000000000000018
506 0.9999999999999810
507 0.9999999999999986
508 0.9999999999999937
509 1.0000000000000127
510 0.9999999999999902
511 -0.9999999999999818
512 -0.9999999999999997
513 -1.0000000000000098
514 -0.9999999999999906
515 -1.0000000000000020
516 -0.9999999999999942
517 -1.0000000000000124
518 -0.9999999999999953
519 -1.0000000000000071
520 1.0000000000000018
521 1.0000000000000120
522 0.9999999999999925
523 1.0000000000000007
524 0.9999999999999959
525 1.0000000000000067
526 0.9999999999999962
527 1.0000000000000029
528 1.0000000000000102
529 1.0000000000000195
530 1.0000000000000011
531 -1.0000000000000029
532 -0.9999999999999947
533 -1.0000000000000033
534 -0.9999999999999861
535 -0.9999999999999978
536 -1.0000000000000124
537 -1.0000000000000222
538 -1.0000000000000029
539 -1.0000000000000131
540 0.9999999999999968
541 1.0000000000000080
542 0.9999999999999872
543 0.9999999999999946
544 1.0000000000000002
545 1.0000000000000093
546 1.0000000000000004
547 1.0000000000000084
548 1.0000000000000042
549 1.0000000000000147
550 -0.9999999999999861
551 -0.9999999999999987
552 -1.0000000000000027
553 -1.0000000000000118
554 -0.9999999999999922
555 -1.0000000000000029
556 -1.0000000000000062
557 -1.0000000000000149
558 -0.9999999999999977
559 -1.0000000000000080
560 1.0000000000000011
561 1.0000000000000109
562 0.9999999999999903
563 0.9999999999999989
564 0.9999999999999944
565 1.0000000000000047
566 0.9999999999999953
567 1.0000000000000022
568 1.0000000000000124
569 1.0000000000000207
570 1.0000000000000027
571 -1.0000000000000049
572 -0.9999999999999968
573 -1.0000000000000049
574 -0.9999999999999867
575 -0.9999999999999982
576 -1.0000000000000084
577 -1.0000000000000173
578 -0.9999999999999999
579 -1.0000000000000107
580 0.9999999999999938
581 1.0000000000000044
582 0.9999999999999818
583 0.9999999999999889
584 0.9999999999999994
585 1.0000000000000084
586 1.0000000000000013
587 1.0000000000000080
588 1.0000000000000047
589 1.0000000000000147
590 0.9999999999999937
591 -0.9999999999999984
592 -0.9999999999999988
593 -1.0000000000000073
594 -0.9999999999999882
595 -1.0000000000000000
596 -1.0000000000000029
597 -1.0000000000000115
598 -0.9999999999999947
599 -1.0000000000000067
600 1.0000000000000016
601 1.0000000000000111
602 0.9999999999999910
603 0.9999999999999979
604 0.9999999999999929
605 1.0000000000000040
606 0.9999999999999845
607 1.0000000000000022
608 1.0000000000000095
609 1.0000000000000182
610 0.9999999999999991
611 -1.0000000000000018
612 -0.9999999999999916
613 -0.9999999999999997
614 -0.9999999999999826
615 -0.9999999999999946
616 -0.9999999999999988
617 -1.0000000000000198
618 -0.9999999999999997
619 -1.0000000000000118
620 0.9999999999999941
621 1.0000000000000060
622 0.9999999999999835
623 0.9999999999999903
624 0.9999999999999978
625 1.0000000000000067
626 0.9999999999999881
627 1.0000000000000067
628 1.0000000000000020
629 1.0000000000000142
630 -0.9999999999999846
631 -0.9999999999999973
632 -1.0000000000000022
633 -1.0000000000000087
634 -0.9999999999999902
635 -1.0000000000000004
636 -1.0000000000000038
637 -1.0000000000000133
638 -0.9999999999999944
639 -1.0000000000000075
640 -1.0000000000000062
641 1.0000000000000062
642 0.9999999999999836
643 0.9999999999999905
644 0.9999999999999863
645 0.9999999999999984
646 0.9999999999999888
647 0.9999999999999958
648 1.0000000000000080
649 1.0000000000000169
650 -0.9999999999999873
651 -0.9999999999999998
652 -0.9999999999999879
653 -0.9999999999999969
654 -0.9999999999999792
655 -0.9999999999999919
656 -1.0000000000000042
657 -1.0000000000000140
658 -0.9999999999999949
659 -1.0000000000000087
660 -1.0000000000000016
661 1.0000000000000020
662 0.9999999999999788
663 0.9999999999999839
664 0.9999999999999957
665 1.0000000000000042
666 0.9999999999999857
667 1.0000000000000042
668 1.0000000000000002
669 1.0000000000000124
670 -0.9999999999999830
671 -0.9999999999999960
672 -0.9999999999999966
673 -1.0000000000000018
674 -0.9999999999999840
675 -0.9999999999999953
676 -0.9999999999999852
677 -1.0000000000000067
678 -0.9999999999999885
679 -1.0000000000000033
680 0.9999999999999990
681 1.0000000000000082
682 0.9999999999999853
683 0.9999999999999919
684 0.9999999999999885
685 0.9999999999999991
686 0.9999999999999791
687 0.9999999999999963
688 1.0000000000000064
689 1.0000000000000153
690 0.9999999999999954
691 -0.9999999999999993
692 -0.9999999999999895
693 -0.9999999999999951
694 -0.9999999999999772
695 -0.9999999999999908
696 -0.9999999999999930
697 -1.0000000000000155
698 -0.9999999999999991
699 -1.0000000000000091
700 -1.0000000000000011
701 1.0000000000000040
702 0.9999999999999781
703 0.9999999999999857
704 0.9999999999999891
705 1.0000000000000007
706 0.9999999999999813
707 0.9999999999999998
708 0.9999999999999958
709 1.0000000000000093
710 -0.9999999999999811
711 -0.9999999999999937
712 -0.9999999999999937
713 -1.0000000000000016
714 -0.9999999999999822
715 -0.9999999999999948
716 -0.9999999999999973
717 -1.0000000000000062
718 -0.9999999999999885
719 -1.0000000000000031
720 -1.0000000000000033
721 1.0000000000000058
722 0.9999999999999826
723 0.9999999999999885
724 0.9999999999999860
725 0.9999999999999963
726 0.9999999999999867
727 0.9999999999999939
728 1.0000000000000062
729 1.0000000000000155
730 -0.9999999999999865
731 -0.9999999999999996
732 -0.9999999999999875
733 -0.9999999999999949
734 -0.9999999999999791
735 -0.9999999999999898
736 -1.0000000000000047
737 -1.0000000000000113
738 -0.9999999999999961
739 -1.0000000000000067
740 -0.9999999999999996
741 1.0000000000000016
742 0.9999999999999740
743 0.9999999999999813
744 0.9999999999999931
745 1.0000000000000016
746 0.9999999999999940
747 1.0000000000000022
748 1.0000000000000018
749 1.0000000000000115
750 0.9999999999999918
751 -0.9999999999999952
752 -0.9999999999999942
753 -0.9999999999999996
754 -0.9999999999999805
755 -0.9999999999999932
756 -0.9999999999999961
757 -1.0000000000000058
758 -0.9999999999999873
759 -1.0000000000000033
760 0.9999999999999959
761 1.0000000000000075
762 0.9999999999999843
763 0.9999999999999900
764 0.9999999999999843
765 0.9999999999999974
766 0.9999999999999912
767 0.9999999999999961
768 1.0000000000000044
769 1.0000000000000182
770 0.9999999999999998
771 -0.9999999999999981
772 -0.9999999999999846
773 -0.9999999999999936
774 -0.9999999999999762
775 -0.9999999999999882
776 -0.9999999999999921
777 -1.0000000000000164
778 -1.0000000000000016
779 -1.0000000000000124
780 0.9999999999999918
781 1.0000000000000024
782 0.9999999999999768
783 0.9999999999999842
784 0.9999999999999906
785 1.0000000000000002
786 0.9999999999999810
787 1.0000000000000036
788 1.0000000000000040
789 1.0000000000000144
790 -0.9999999999999817
791 -0.9999999999999937
792 -0.9999999999999928
793 -1.0000000000000027
794 -0.9999999999999839
795 -0.9999999999999942
796 -0.9999999999999859
797 -1.0000000000000098
798 -0.9999999999999962
799 -1.0000000000000080
800 0.9999999999999962
801 1.0000000000000058
802 0.9999999999999808
803 0.9999999999999889
804 0.9999999999999842
805 0.9999999999999949
806 0.9999999999999891
807 0.9999999999999956
808 1.0000000000000042
809 1.0000000000000191
810 -0.9999999999999886
811 -0.9999999999999992
812 -0.9999999999999859
813 -0.9999999999999950
814 -0.9999999999999770
815 -0.9999999999999882
816 -1.0000000000000047
817 -1.0000000000000142
818 -1.0000000000000013
819 -1.0000000000000115
820 -1.0000000000000044
821 1.0000000000000013
822 0.9999999999999749
823 0.9999999999999819
824 0.9999999999999918
825 1.0000000000000002
826 0.9999999999999972
827 1.0000000000000047
828 1.0000000000000058
829 1.0000000000000160
830 -0.9999999999999837
831 -0.9999999999999951
832 -0.9999999999999931
833 -0.9999999999999967
834 -0.9999999999999787
835 -0.9999999999999897
836 -0.9999999999999966
837 -1.0000000000000051
838 -0.9999999999999936
839 -1.0000000000000053
840 0.9999999999999962
841 1.0000000000000056
842 0.9999999999999856
843 0.9999999999999873
844 0.9999999999999830
845 0.9999999999999937
846 0.9999999999999889
847 0.9999999999999951
848 1.0000000000000078
849 1.0000000000000180
850 0.9999999999999996
851 -0.9999999999999964
852 -0.9999999999999808
853 -0.9999999999999900
854 -0.9999999999999734
855 -0.9999999999999850
856 -1.0000000000000044
857 -1.0000000000000140
858 -1.0000000000000002
859 -1.0000000000000118
860 -1.0000000000000044
861 1.0000000000000011
862 0.9999999999999809
863 0.9999999999999808
864 0.9999999999999871
865 0.9999999999999963
866 0.9999999999999936
867 1.0000000000000004
868 0.9999999999999977
869 1.0000000000000129
870 -0.9999999999999797
871 -0.9999999999999919
872 -0.9999999999999961
873 -0.9999999999999982
874 -0.9999999999999782
875 -0.9999999999999900
876 -0.9999999999999819
877 -1.0000000000000067
878 -0.9999999999999897
879 -1.0000000000000064
880 0.9999999999999944
881 1.0000000000000038
882 0.9999999999999849
883 0.9999999999999855
884 0.9999999999999800
885 0.9999999999999917
886 0.9999999999999704
887 0.9999999999999941
888 1.0000000000000029
889 1.0000000000000187
890 -0.9999999999999871
891 -0.9999999999999978
892 -0.9999999999999816
893 -0.9999999999999916
894 -0.9999999999999730
895 -0.9999999999999852
896 -0.9999999999999836
897 -1.0000000000000084
898 -0.9999999999999909
899 -1.0000000000000082
900 -1.0000000000000011
901 0.9999999999999963
902 0.9999999999999668
903 0.9999999999999736
904 0.9999999999999848
905 0.9999999999999940
906 0.9999999999999747
907 0.9999999999999982
908 1.0000000000000027
909 1.0000000000000122
910 0.9999999999999926
911 -0.9999999999999896
912 -0.9999999999999817
913 -0.9999999999999918
914 -0.9999999999999730
915 -0.9999999999999857
916 -0.9999999999999774
917 -1.0000000000000016
918 -0.9999999999999857
919 -1.0000000000000044
920 0.9999999999999928
921 1.0000000000000018
922 0.9999999999999833
923 0.9999999999999826
924 0.9999999999999774
925 0.9999999999999891
926 0.9999999999999676
927 0.9999999999999921
928 0.9999999999999978
929 1.0000000000000160
930 -0.9999999999999810
931 -0.9999999999999927
932 -0.9999999999999768
933 -0.9999999999999841
934 -0.9999999999999664
935 -0.9999999999999796
936 -0.9999999999999989
937 -1.0000000000000093
938 -0.9999999999999918
939 -1.0000000000000098
940 0.9999999999999861
941 0.9999999999999968
942 0.9999999999999765
943 0.9999999999999748
944 0.9999999999999822
945 0.9999999999999916
946 0.9999999999999906
947 0.9999999999999967
948 1.0000000000000007
949 1.0000000000000122
950 0.9999999999999926
951 -0.9999999999999883
952 -0.9999999999999847
953 -0.9999999999999927
954 -0.9999999999999754
955 -0.9999999999999856
956 -0.9999999999999960
957 -1.0000000000000033
958 -0.9999999999999942
959 -1.0000000000000056
960 -1.0000000000000056
961 0.9999999999999983
962 0.9999999999999790
963 0.9999999999999767
964 0.9999999999999724
965 0.9999999999999849
966 0.9999999999999807
967 0.9999999999999871
968 0.9999999999999983
969 1.0000000000000158
970 0.9999999999999978
971 -0.9999999999999923
972 -0.9999999999999741
973 -0.9999999999999831
974 -0.9999999999999655
975 -0.9999999999999785
976 -0.9999999999999984
977 -1.0000000000000058
978 -0.9999999999999891
979 -1.0000000000000078
980 0.9999999999999833
981 0.9999999999999941
982 0.9999999999999628
983 0.9999999999999700
984 0.9999999999999816
985 0.9999999999999900
986 0.9999999999999694
987 0.9999999999999958
988 0.9999999999999942
989 1.0000000000000120
990 -0.9999999999999771
991 -0.9999999999999881
992 -0.9999999999999857
993 -0.9999999999999871
994 -0.9999999999999699
995 -0.9999999999999810
996 -0.9999999999999735
997 -0.9999999999999982
998 -0.9999999999999915
999 -1.0000000000000031
1000 0.9999999999999912
1001 0.9999999999999993
1002 0.9999999999999694
1003 0.9999999999999778
1004 0.9999999999999748
1005 0.9999999999999850
1006 0.9999999999999651
1007 0.9999999999999891
1008 1.0000000000000042
1009 1.0000000000000158
1010 0.9999999999999977
1011 -0.9999999999999908
1012 -0.9999999999999707
1013 -0.9999999999999802
1014 -0.9999999999999624
1015 -0.9999999999999766
1016 -0.9999999999999776
1017 -1.0000000000000071
1018 -0.9999999999999900
1019 -1.0000000000000095
1020 -1.0000000000000040
1021 0.9999999999999949
1022 0.9999999999999722
1023 0.9999999999999711
1024 1.0000000000000000
1025 1.0000000000000095
1026 0.9999999999999901
1027 0.9999999999999979
1028 0.9999999999999948
1029 1.0000000000000047
1030 -0.9999999999999860
1031 -0.9999999999999986
1032 -1.0000000000000027
1033 -1.0000000000000124
1034 -0.9999999999999931
1035 -1.0000000000000033
1036 -0.9999999999999954
1037 -1.0000000000000044
1038 -0.9999999999999869
1039 -0.9999999999999980
1040 1.0000000000000007
1041 1.0000000000000107
1042 0.9999999999999910
1043 0.9999999999999993
1044 0.9999999999999949
1045 1.0000000000000047
1046 0.9999999999999845
1047 0.9999999999999915
1048 1.0000000000000016
1049 1.0000000000000104
1050 -0.9999999999999937
1051 -1.0000000000000049
1052 -0.9999999999999967
1053 -1.0000000000000058
1054 -0.9999999999999881
1055 -0.9999999999999987
1056 -0.9999999999999988
1057 -1.0000000000000084
1058 -0.9999999999999908
1059 -1.0000000000000011
1060 -0.9999999999999939
1061 1.0000000000000064
1062 0.9999999999999851
1063 0.9999999999999918
1064 1.0000000000000009
1065 1.0000000000000098
1066 0.9999999999999901
1067 0.9999999999999984
1068 0.9999999999999953
1069 1.0000000000000053
1070 -0.9999999999999888
1071 -1.0000000000000004
1072 -1.0000000000000004
1073 -1.0000000000000102
1074 -0.9999999999999906
1075 -1.0000000000000009
1076 -0.9999999999999932
1077 -1.0000000000000018
1078 -0.9999999999999856
1079 -0.9999999999999968
1080 1.0000000000000038
1081 1.0000000000000129
1082 0.9999999999999937
1083 1.0000000000000009
1084 0.9999999999999963
1085 1.0000000000000047
1086 0.9999999999999841
1087 0.9999999999999919
1088 0.9999999999999972
1089 1.0000000000000069
1090 -0.9999999999999906
1091 -1.0000000000000022
1092 -0.9999999999999912
1093 -1.0000000000000004
1094 -0.9999999999999820
1095 -0.9999999999999938
1096 -0.9999999999999976
1097 -1.0000000000000075
1098 -0.9999999999999899
1099 -1.0000000000000004
1100 0.9999999999999959
1101 1.0000000000000062
1102 0.9999999999999851
1103 0.9999999999999912
1104 0.9999999999999978
1105 1.0000000000000062
1106 0.9999999999999873
1107 0.9999999999999944
1108 0.9999999999999927
1109 1.0000000000000027
1110 -0.9999999999999855
1111 -0.9999999999999980
1112 -0.9999999999999997
1113 -1.0000000000000098
1114 -0.9999999999999910
1115 -0.9999999999999994
1116 -0.9999999999999922
1117 -1.0000000000000004
1118 -0.9999999999999819
1119 -0.9999999999999961
1120 1.0000000000000004
1121 1.0000000000000100
1122 0.9999999999999895
1123 0.9999999999999954
1124 0.9999999999999897
1125 1.0000000000000002
1126 0.9999999999999795
1127 0.9999999999999865
1128 0.9999999999999950
1129 1.0000000000000075
1130 0.9999999999999902
1131 -1.0000000000000033
1132 -0.9999999999999942
1133 -1.0000000000000018
1134 -0.9999999999999819
1135 -0.9999999999999938
1136 -0.9999999999999950
1137 -1.0000000000000047
1138 -0.9999999999999865
1139 -0.9999999999999992
1140 -0.9999999999999930
1141 1.0000000000000058
1142 0.9999999999999831
1143 0.9999999999999893
1144 0.9999999999999984
1145 1.0000000000000053
1146 0.9999999999999869
1147 0.9999999999999948
1148 0.9999999999999943
1149 1.0000000000000033
1150 0.9999999999999841
1151 -0.9999999999999994
1152 -0.9999999999999966
1153 -1.0000000000000027
1154 -0.9999999999999815
1155 -0.9999999999999944
1156 -0.9999999999999863
1157 -0.9999999999999934
1158 -0.9999999999999802
1159 -0.9999999999999919
1160 0.9999999999999993
1161 1.0000000000000087
1162 0.9999999999999871
1163 0.9999999999999934
1164 0.9999999999999876
1165 0.9999999999999982
1166 0.9999999999999782
1167 0.9999999999999836
1168 0.9999999999999949
1169 1.0000000000000042
1170 0.9999999999999856
1171 -1.0000000000000000
1172 -0.9999999999999917
1173 -0.9999999999999964
1174 -0.9999999999999762
1175 -0.9999999999999897
1176 -0.9999999999999925
1177 -1.0000000000000022
1178 -0.9999999999999827
1179 -0.9999999999999976
1180 -0.9999999999999912
1181 1.0000000000000047
1182 0.9999999999999811
1183 0.9999999999999872
1184 0.9999999999999927
1185 1.0000000000000011
1186 0.9999999999999808
1187 0.9999999999999888
1188 0.9999999999999863
1189 0.9999999999999989
1190 0.9999999999999790
1191 -0.9999999999999953
1192 -0.9999999999999940
1193 -1.0000000000000047
1194 -0.9999999999999821
1195 -0.9999999999999942
1196 -0.9999999999999851
1197 -0.9999999999999942
1198 -0.9999999999999757
1199 -0.9999999999999919
1200 0.9999999999999978
1201 1.0000000000000080
1202 0.9999999999999867
1203 0.9999999999999917
1204 0.9999999999999891
1205 0.9999999999999961
1206 0.9999999999999762
1207 0.9999999999999815
1208 0.9999999999999923
1209 1.0000000000000042
1210 -0.9999999999999910
1211 -1.0000000000000018
1212 -0.9999999999999919
1213 -0.9999999999999983
1214 -0.9999999999999785
1215 -0.9999999999999896
1216 -0.9999999999999890
1217 -0.9999999999999963
1218 -0.9999999999999771
1219 -0.9999999999999940
1220 -0.9999999999999869
1221 1.0000000000000020
1222 0.9999999999999755
1223 0.9999999999999827
1224 0.9999999999999885
1225 0.9999999999999996
1226 0.9999999999999810
1227 0.9999999999999866
1228 0.9999999999999881
1229 0.9999999999999979
1230 0.9999999999999784
1231 -0.9999999999999959
1232 -0.9999999999999949
1233 -1.0000000000000011
1234 -0.9999999999999786
1235 -0.9999999999999912
1236 -0.9999999999999808
1237 -0.9999999999999896
1238 -0.9999999999999779
1239 -0.9999999999999893
1240 0.9999999999999988
1241 1.0000000000000084
1242 0.9999999999999851
1243 0.9999999999999916
1244 0.9999999999999826
1245 0.9999999999999949
1246 0.9999999999999719
1247 0.9999999999999800
1248 0.9999999999999898
1249 1.0000000000000013
1250 -0.9999999999999880
1251 -0.9999999999999992
1252 -0.9999999999999913
1253 -0.9999999999999938
1254 -0.9999999999999739
1255 -0.9999999999999858
1256 -0.9999999999999870
1257 -0.9999999999999976
1258 -0.9999999999999851
1259 -0.9999999999999949
1260 0.9999999999999936
1261 1.0000000000000042
1262 0.9999999999999840
1263 0.9999999999999847
1264 0.9999999999999927
1265 0.9999999999999978
1266 0.9999999999999793
1267 0.9999999999999850
1268 0.9999999999999879
1269 0.9999999999999969
1270 0.9999999999999780
1271 -0.9999999999999954
1272 -0.9999999999999949
1273 -1.0000000000000027
1274 -0.9999999999999785
1275 -0.9999999999999913
1276 -0.9999999999999849
1277 -0.9999999999999911
1278 -0.9999999999999771
1279 -0.9999999999999906
1280 -0.9999999999999952
1281 1.0000000000000100
1282 0.9999999999999909
1283 0.9999999999999938
1284 0.9999999999999849
1285 0.9999999999999956
1286 0.9999999999999752
1287 0.9999999999999820
1288 0.9999999999999921
1289 1.0000000000000053
1290 -0.9999999999999931
1291 -1.0000000000000042
1292 -0.9999999999999915
1293 -1.0000000000000007
1294 -0.9999999999999781
1295 -0.9999999999999895
1296 -0.9999999999999908
1297 -1.0000000000000004
1298 -0.9999999999999818
1299 -0.9999999999999971
1300 0.9999999999999952
1301 1.0000000000000060
1302 0.9999999999999805
1303 0.9999999999999880
1304 0.9999999999999929
1305 1.0000000000000018
1306 0.9999999999999827
1307 0.9999999999999909
1308 0.9999999999999871
1309 1.0000000000000011
1310 -0.9999999999999886
1311 -1.0000000000000004
1312 -0.9999999999999953
1313 -1.0000000000000051
1314 -0.9999999999999811
1315 -0.9999999999999925
1316 -0.9999999999999847
1317 -0.9999999999999930
1318 -0.9999999999999808
1319 -0.9999999999999919
1320 -0.9999999999999968
1321 1.0000000000000127
1322 0.9999999999999881
1323 0.9999999999999963
1324 0.9999999999999861
1325 0.9999999999999966
1326 0.9999999999999755
1327 0.9999999999999830
1328 0.9999999999999952
1329 1.0000000000000044
1330 -0.9999999999999932
1331 -1.0000000000000038
1332 -0.9999999999999959
1333 -0.9999999999999993
1334 -0.9999999999999761
1335 -0.9999999999999878
1336 -0.9999999999999918
1337 -1.0000000000000018
1338 -0.9999999999999875
1339 -0.9999999999999980
1340 0.9999999999999974
1341 1.0000000000000084
1342 0.9999999999999822
1343 0.9999999999999903
1344 0.9999999999999942
1345 0.9999999999999974
1346 0.9999999999999775
1347 0.9999999999999857
1348 0.9999999999999886
1349 0.9999999999999980
1350 -0.9999999999999857
1351 -0.9999999999999984
1352 -0.9999999999999961
1353 -1.0000000000000060
1354 -0.9999999999999876
1355 -0.9999999999999917
1356 -0.9999999999999832
1357 -0.9999999999999921
1358 -0.9999999999999805
1359 -0.9999999999999920
1360 0.9999999999999997
1361 1.0000000000000104
1362 0.9999999999999915
1363 0.9999999999999932
1364 0.9999999999999826
1365 0.9999999999999930
1366 0.9999999999999727
1367 0.9999999999999796
1368 0.9999999999999959
1369 1.0000000000000044
1370 -0.9999999999999920
1371 -1.0000000000000040
1372 -0.9999999999999967
1373 -0.9999999999999996
1374 -0.9999999999999809
1375 -0.9999999999999871
1376 -0.9999999999999870
1377 -0.9999999999999970
1378 -0.9999999999999837
1379 -0.9999999999999959
1380 -0.9999999999999868
1381 1.0000000000000058
1382 0.9999999999999787
1383 0.9999999999999856
1384 0.9999999999999950
1385 0.9999999999999984
1386 0.9999999999999808
1387 0.9999999999999875
1388 0.9999999999999838
1389 1.0000000000000000
1390 0.9999999999999791
1391 -0.9999999999999996
1392 -0.9999999999999946
1393 -1.0000000000000042
1394 -0.9999999999999852
1395 -0.9999999999999902
1396 -0.9999999999999831
1397 -0.9999999999999907
1398 -0.9999999999999744
1399 -0.9999999999999918
1400 -0.9999999999999970
1401 1.0000000000000113
1402 0.9999999999999865
1403 0.9999999999999951
1404 0.9999999999999846
1405 0.9999999999999942
1406 0.9999999999999749
1407 0.9999999999999811
1408 0.9999999999999838
1409 1.0000000000000011
1410 0.9999999999999806
1411 -0.9999999999999999
1412 -0.9999999999999912
1413 -0.9999999999999933
1414 -0.9999999999999706
1415 -0.9999999999999823
1416 -0.9999999999999852
1417 -0.9999999999999949
1418 -0.9999999999999772
1419 -0.9999999999999949
1420 0.9999999999999933
1421 1.0000000000000042
1422 0.9999999999999835
1423 0.9999999999999842
1424 0.9999999999999849
1425 0.9999999999999946
1426 0.9999999999999759
1427 0.9999999999999820
1428 0.9999999999999781
1429 0.9999999999999970
1430 0.9999999999999756
1431 -0.9999999999999960
1432 -0.9999999999999936
1433 -1.0000000000000029
1434 -0.9999999999999835
1435 -0.9999999999999885
1436 -0.9999999999999811
1437 -0.9999999999999885
1438 -0.9999999999999719
1439 -0.9999999999999905
1440 -0.9999999999999923
1441 1.0000000000000073
1442 0.9999999999999805
1443 0.9999999999999889
1444 0.9999999999999775
1445 0.9999999999999890
1446 0.9999999999999699
1447 0.9999999999999741
1448 0.9999999999999933
1449 1.0000000000000018
1450 0.9999999999999818
1451 -1.0000000000000013
1452 -0.9999999999999868
1453 -0.9999999999999957
1454 -0.9999999999999778
1455 -0.9999999999999828
1456 -0.9999999999999828
1457 -0.9999999999999922
1458 -0.9999999999999808
1459 -0.9999999999999937
1460 0.9999999999999910
1461 1.0000000000000036
1462 0.9999999999999831
1463 0.9999999999999833
1464 0.9999999999999842
1465 0.9999999999999951
1466 0.9999999999999747
1467 0.9999999999999830
1468 0.9999999999999863
1469 0.9999999999999979
1470 -0.9999999999999860
1471 -0.9999999999999977
1472 -0.9999999999999962
1473 -0.9999999999999983
1474 -0.9999999999999793
1475 -0.9999999999999843
1476 -0.9999999999999770
1477 -0.9999999999999828
1478 -0.9999999999999757
1479 -0.9999999999999871
1480 -0.9999999999999893
1481 1.0000000000000084
1482 0.9999999999999892
1483 0.9999999999999896
1484 0.9999999999999781
1485 0.9999999999999887
1486 0.9999999999999688
1487 0.9999999999999732
1488 0.9999999999999886
1489 0.9999999999999997
1490 0.9999999999999792
1491 -0.9999999999999997
1492 -0.9999999999999839
1493 -0.9999999999999926
1494 -0.9999999999999682
1495 -0.9999999999999800
1496 -0.9999999999999823
1497 -0.9999999999999918
1498 -0.9999999999999744
1499 -0.9999999999999936
1500 -0.9999999999999838
1501 1.0000000000000044
1502 0.9999999999999756
1503 0.9999999999999836
1504 0.9999999999999907
1505 0.9999999999999917
1506 0.9999999999999698
1507 0.9999999999999784
1508 0.9999999999999741
1509 0.9999999999999949
1510 -0.9999999999999832
1511 -0.9999999999999954
1512 -0.9999999999999911
1513 -1.0000000000000011
1514 -0.9999999999999750
1515 -0.9999999999999855
1516 -0.9999999999999755
1517 -0.9999999999999847
1518 -0.9999999999999666
1519 -0.9999999999999887
1520 0.9999999999999953
1521 1.0000000000000075
1522 0.9999999999999883
1523 0.9999999999999889
1524 0.9999999999999772
1525 0.9999999999999871
1526 0.9999999999999681
1527 0.9999999999999724
1528 0.9999999999999839
1529 1.0000000000000009
1530 0.9999999999999808
1531 -1.0000000000000013
1532 -0.9999999999999948
1533 -0.9999999999999953
1534 -0.9999999999999798
1535 -0.9999999999999811
1536 -0.9999999999999999
1537 -1.0000000000000098
1538 -0.9999999999999903
1539 -1.0000000000000016
1540 -0.9999999999999942
1541 1.0000000000000155
1542 0.9999999999999949
1543 1.0000000000000022
1544 1.0000000000000018
1545 1.0000000000000111
1546 0.9999999999999920
1547 1.0000000000000002
1548 0.9999999999999957
1549 1.0000000000000058
1550 -0.9999999999999978
1551 -1.0000000000000095
1552 -1.0000000000000107
1553 -1.0000000000000204
1554 -1.0000000000000016
1555 -1.0000000000000029
1556 -0.9999999999999942
1557 -1.0000000000000029
1558 -0.9999999999999863
1559 -0.9999999999999973
1560 1.0000000000000129
1561 1.0000000000000222
1562 1.0000000000000033
1563 1.0000000000000118
1564 0.9999999999999966
1565 1.0000000000000071
1566 0.9999999999999866
1567 0.9999999999999939
1568 0.9999999999999999
1569 1.0000000000000089
1570 -1.0000000000000018
1571 -1.0000000000000133
1572 -1.0000000000000051
1573 -1.0000000000000138
1574 -0.9999999999999859
1575 -0.9999999999999980
1576 -1.0000000000000022
1577 -1.0000000000000109
1578 -0.9999999999999918
1579 -1.0000000000000020
1580 1.0000000000000075
1581 1.0000000000000184
1582 0.9999999999999972
1583 1.0000000000000049
1584 1.0000000000000007
1585 1.0000000000000100
1586 0.9999999999999892
1587 0.9999999999999982
1588 0.9999999999999936
1589 1.0000000000000042
1590 -0.9999999999999980
1591 -1.0000000000000102
1592 -1.0000000000000133
1593 -1.0000000000000242
1594 -1.0000000000000049
1595 -1.0000000000000040
1596 -0.9999999999999963
1597 -1.0000000000000049
1598 -0.9999999999999862
1599 -0.9999999999999976
1600 1.0000000000000098
1601 1.0000000000000200
1602 0.9999999999999997
1603 1.0000000000000080
1604 0.9999999999999933
1605 1.0000000000000036
1606 0.9999999999999818
1607 0.9999999999999887
1608 0.9999999999999992
1609 1.0000000000000075
1610 -1.0000000000000027
1611 -1.0000000000000142
1612 -1.0000000000000056
1613 -1.0000000000000147
1614 -0.9999999999999977
1615 -0.9999999999999980
1616 -0.9999999999999986
1617 -1.0000000000000069
1618 -0.9999999999999882
1619 -0.9999999999999993
1620 1.0000000000000056
1621 1.0000000000000164
1622 0.9999999999999949
1623 1.0000000000000022
1624 1.0000000000000011
1625 1.0000000000000102
1626 0.9999999999999908
1627 0.9999999999999974
1628 0.9999999999999927
1629 1.0000000000000031
1630 0.9999999999999840
1631 -1.0000000000000107
1632 -1.0000000000000091
1633 -1.0000000000000195
1634 -1.0000000000000013
1635 -1.0000000000000009
1636 -0.9999999999999916
1637 -0.9999999999999994
1638 -0.9999999999999817
1639 -0.9999999999999939
1640 -0.9999999999999983
1641 1.0000000000000229
1642 1.0000000000000044
1643 1.0000000000000104
1644 0.9999999999999934
1645 1.0000000000000056
1646 0.9999999999999832
1647 0.9999999999999901
1648 0.9999999999999973
1649 1.0000000000000062
1650 0.9999999999999879
1651 -1.0000000000000142
1652 -1.0000000000000064
1653 -1.0000000000000138
1654 -0.9999999999999843
1655 -0.9999999999999973
1656 -1.0000000000000018
1657 -1.0000000000000082
1658 -0.9999999999999898
1659 -0.9999999999999996
1660 1.0000000000000091
1661 1.0000000000000187
1662 0.9999999999999991
1663 1.0000000000000044
1664 1.0000000000000062
1665 1.0000000000000058
1666 0.9999999999999836
1667 0.9999999999999905
1668 0.9999999999999868
1669 0.9999999999999984
1670 -0.9999999999999952
1671 -1.0000000000000078
1672 -1.0000000000000089
1673 -1.0000000000000191
1674 -0.9999999999999873
1675 -0.9999999999999998
1676 -0.9999999999999879
1677 -0.9999999999999969
1678 -0.9999999999999790
1679 -0.9999999999999917
1680 1.0000000000000100
1681 1.0000000000000198
1682 1.0000000000000002
1683 1.0000000000000060
1684 1.0000000000000020
1685 1.0000000000000016
1686 0.9999999999999790
1687 0.9999999999999841
1688 0.9999999999999950
1689 1.0000000000000038
1690 0.9999999999999857
1691 -1.0000000000000140
1692 -1.0000000000000069
1693 -1.0000000000000129
1694 -0.9999999999999823
1695 -0.9999999999999958
1696 -0.9999999999999968
1697 -1.0000000000000018
1698 -0.9999999999999838
1699 -0.9999999999999951
1700 -0.9999999999999855
1701 1.0000000000000155
1702 0.9999999999999953
1703 0.9999999999999993
1704 0.9999999999999981
1705 1.0000000000000069
1706 0.9999999999999851
1707 0.9999999999999912
1708 0.9999999999999882
1709 0.9999999999999984
1710 0.9999999999999787
1711 -1.0000000000000093
1712 -1.0000000000000078
1713 -1.0000000000000175
1714 -1.0000000000000000
1715 -0.9999999999999984
1716 -0.9999999999999888
1717 -0.9999999999999949
1718 -0.9999999999999766
1719 -0.9999999999999901
1720 -0.9999999999999926
1721 1.0000000000000222
1722 0.9999999999999996
1723 1.0000000000000087
1724 1.0000000000000060
1725 1.0000000000000031
1726 0.9999999999999777
1727 0.9999999999999850
1728 0.9999999999999887
1729 1.0000000000000002
1730 0.9999999999999811
1731 -1.0000000000000118
1732 -1.0000000000000038
1733 -1.0000000000000089
1734 -0.9999999999999807
1735 -0.9999999999999926
1736 -0.9999999999999934
1737 -1.0000000000000002
1738 -0.9999999999999802
1739 -0.9999999999999937
1740 1.0000000000000062
1741 1.0000000000000169
1742 0.9999999999999964
1743 1.0000000000000004
1744 1.0000000000000087
1745 1.0000000000000049
1746 0.9999999999999819
1747 0.9999999999999873
1748 0.9999999999999853
1749 0.9999999999999957
1750 -0.9999999999999962
1751 -1.0000000000000089
1752 -1.0000000000000089
1753 -1.0000000000000191
1754 -0.9999999999999860
1755 -0.9999999999999987
1756 -0.9999999999999870
1757 -0.9999999999999940
1758 -0.9999999999999785
1759 -0.9999999999999889
1760 1.0000000000000087
1761 1.0000000000000207
1762 0.9999999999999972
1763 1.0000000000000058
1764 1.0000000000000018
1765 0.9999999999999999
1766 0.9999999999999736
1767 0.9999999999999805
1768 0.9999999999999925
1769 1.0000000000000002
1770 -1.0000000000000042
1771 -1.0000000000000147
1772 -1.0000000000000036
1773 -1.0000000000000129
1774 -0.9999999999999949
1775 -0.9999999999999941
1776 -0.9999999999999933
1777 -0.9999999999999987
1778 -0.9999999999999800
1779 -0.9999999999999923
1780 1.0000000000000071
1781 1.0000000000000173
1782 0.9999999999999971
1783 1.0000000000000002
1784 0.9999999999999952
1785 1.0000000000000062
1786 0.9999999999999837
1787 0.9999999999999891
1788 0.9999999999999839
1789 0.9999999999999963
1790 -0.9999999999999968
1791 -1.0000000000000111
1792 -1.0000000000000142
1793 -1.0000000000000187
1794 -1.0000000000000002
1795 -0.9999999999999970
1796 -0.9999999999999850
1797 -0.9999999999999936
1798 -0.9999999999999760
1799 -0.9999999999999878
1800 -0.9999999999999919
1801 1.0000000000000262
1802 1.0000000000000020
1803 1.0000000000000098
1804 0.9999999999999909
1805 1.0000000000000016
1806 0.9999999999999768
1807 0.9999999999999836
1808 0.9999999999999906
1809 0.9999999999999998
1810 0.9999999999999812
1811 -1.0000000000000178
1812 -1.0000000000000049
1813 -1.0000000000000131
1814 -0.9999999999999810
1815 -0.9999999999999930
1816 -0.9999999999999928
1817 -1.0000000000000022
1818 -0.9999999999999830
1819 -0.9999999999999933
1820 -0.9999999999999857
1821 1.0000000000000226
1822 0.9999999999999971
1823 1.0000000000000044
1824 0.9999999999999953
1825 1.0000000000000044
1826 0.9999999999999803
1827 0.9999999999999882
1828 0.9999999999999842
1829 0.9999999999999944
1830 -1.0000000000000016
1831 -1.0000000000000138
1832 -1.0000000000000180
1833 -1.0000000000000222
1834 -0.9999999999999879
1835 -0.9999999999999983
1836 -0.9999999999999857
1837 -0.9999999999999943
1838 -0.9999999999999772
1839 -0.9999999999999876
1840 1.0000000000000167
1841 1.0000000000000266
1842 1.0000000000000013
1843 1.0000000000000098
1844 1.0000000000000053
1845 1.0000000000000004
1846 0.9999999999999740
1847 0.9999999999999817
1848 0.9999999999999911
1849 0.9999999999999996
1850 -1.0000000000000093
1851 -1.0000000000000207
1852 -1.0000000000000075
1853 -1.0000000000000169
1854 -0.9999999999999826
1855 -0.9999999999999938
1856 -0.9999999999999922
1857 -0.9999999999999962
1858 -0.9999999999999787
1859 -0.9999999999999888
1860 1.0000000000000107
1861 1.0000000000000215
1862 0.9999999999999940
1863 1.0000000000000009
1864 0.9999999999999951
1865 1.0000000000000038
1866 0.9999999999999842
1867 0.9999999999999869
1868 0.9999999999999826
1869 0.9999999999999928
1870 -1.0000000000000027
1871 -1.0000000000000155
1872 -1.0000000000000104
1873 -1.0000000000000198
1874 -1.0000000000000009
1875 -0.9999999999999953
1876 -0.9999999999999808
1877 -0.9999999999999896
1878 -0.9999999999999727
1879 -0.9999999999999843
1880 1.0000000000000187
1881 1.0000000000000282
1882 1.0000000000000033
1883 1.0000000000000109
1884 1.0000000000000053
1885 0.9999999999999999
1886 0.9999999999999798
1887 0.9999999999999801
1888 0.9999999999999871
1889 0.9999999999999957
1890 -1.0000000000000064
1891 -1.0000000000000191
1892 -1.0000000000000102
1893 -1.0000000000000129
1894 -0.9999999999999786
1895 -0.9999999999999908
1896 -0.9999999999999952
1897 -0.9999999999999976
1898 -0.9999999999999778
1899 -0.9999999999999896
1900 -0.9999999999999817
1901 1.0000000000000240
1902 1.0000000000000027
1903 1.0000000000000042
1904 0.9999999999999938
1905 1.0000000000000029
1906 0.9999999999999845
1907 0.9999999999999850
1908 0.9999999999999800
1909 0.9999999999999912
1910 0.9999999999999706
1911 -1.0000000000000155
1912 -1.0000000000000207
1913 -1.0000000000000226
1914 -0.9999999999999867
1915 -0.9999999999999969
1916 -0.9999999999999820
1917 -0.9999999999999911
1918 -0.9999999999999726
1919 -0.9999999999999848
1920 -0.9999999999999836
1921 1.0000000000000244
1922 1.0000000000000042
1923 1.0000000000000047
1924 1.0000000000000011
1925 0.9999999999999952
1926 0.9999999999999670
1927 0.9999999999999734
1928 0.9999999999999843
1929 0.9999999999999936
1930 0.9999999999999738
1931 -1.0000000000000187
1932 -1.0000000000000027
1933 -1.0000000000000113
1934 -0.9999999999999937
1935 -0.9999999999999891
1936 -0.9999999999999819
1937 -0.9999999999999913
1938 -0.9999999999999728
1939 -0.9999999999999850
1940 -0.9999999999999776
1941 1.0000000000000215
1942 0.9999999999999992
1943 0.9999999999999994
1944 0.9999999999999926
1945 1.0000000000000009
1946 0.9999999999999831
1947 0.9999999999999821
1948 0.9999999999999778
1949 0.9999999999999887
1950 0.9999999999999676
1951 -1.0000000000000160
1952 -1.0000000000000164
1953 -1.0000000000000169
1954 -0.9999999999999810
1955 -0.9999999999999920
1956 -0.9999999999999770
1957 -0.9999999999999839
1958 -0.9999999999999661
1959 -0.9999999999999793
1960 1.0000000000000189
1961 1.0000000000000284
1962 1.0000000000000078
1963 1.0000000000000080
1964 0.9999999999999861
1965 0.9999999999999963
1966 0.9999999999999765
1967 0.9999999999999741
1968 0.9999999999999822
1969 0.9999999999999911
1970 -1.0000000000000071
1971 -1.0000000000000193
1972 -1.0000000000000042
1973 -1.0000000000000113
1974 -0.9999999999999937
1975 -0.9999999999999881
1976 -0.9999999999999847
1977 -0.9999999999999922
1978 -0.9999999999999751
1979 -0.9999999999999849
1980 1.0000000000000124
1981 1.0000000000000246
1982 0.9999999999999947
1983 1.0000000000000024
1984 1.0000000000000060
1985 0.9999999999999979
1986 0.9999999999999788
1987 0.9999999999999760
1988 0.9999999999999724
1989 0.9999999999999842
1990 -1.0000000000000024
1991 -1.0000000000000147
1992 -1.0000000000000173
1993 -1.0000000000000184
1994 -0.9999999999999989
1995 -0.9999999999999919
1996 -0.9999999999999739
1997 -0.9999999999999827
1998 -0.9999999999999648
1999 -0.9999999999999780
2000 1.0000000000000153
2001 1.0000000000000275
2002 1.0000000000000062
2003 1.0000000000000060
2004 0.9999999999999833
2005 0.9999999999999937
2006 0.9999999999999630
2007 0.9999999999999698
2008 0.9999999999999809
2009 0.9999999999999898
2010 0.9999999999999696
2011 -1.0000000000000215
2012 -1.0000000000000124
2013 -1.0000000000000129
2014 -0.9999999999999765
2015 -0.9999999999999875
2016 -0.9999999999999859
2017 -0.9999999999999869
2018 -0.9999999999999699
2019 -0.9999999999999806
2020 -0.9999999999999730
2021 1.0000000000000240
2022 0.9999999999999926
2023 0.9999999999999996
2024 0.9999999999999906
2025 0.9999999999999984
2026 0.9999999999999689
2027 0.9999999999999774
2028 0.9999999999999748
2029 0.9999999999999843
2030 0.9999999999999647
2031 -1.0000000000000180
2032 -1.0000000000000113
2033 -1.0000000000000184
2034 -0.9999999999999994
2035 -0.9999999999999906
2036 -0.9999999999999707
2037 -0.9999999999999798
2038 -0.9999999999999621
2039 -0.9999999999999759
2040 -0.9999999999999778
2041 1.0000000000000306
2042 1.0000000000000098
2043 1.0000000000000091
2044 1.0000000000000040
2045 0.9999999999999949
2046 0.9999999999999718
2047 0.9999999999999709
