0 0.0262203323499052
0 0.0095175516654133
1 0.0274509037682775
2 0.0469518642566883
3 0.0681599359639408
4 0.0496271859913951
5 0.0781024704829771
6 0.0521703735819392
7 0.0146960490150711
8 0.0401913269167331
9 0.0417647508833564
10 0.0340470979287235
11 0.0336566496728553
12 0.0189119330483139
13 0.0245978680203627
14 0.0163597949880827
15 0.0198716988455276
16 0.0087630503337952
17 0.0266541054563746
18 0.0471814088855562
19 0.0508358043006809
20 0.0620965904564567
21 0.1185389941564393
22 0.0480008106113862
23 0.0431048288683131
24 0.0327453488163759
25 0.1345936839621058
26 0.0379461104776889
27 0.0209744749228611
28 0.0104519046154730
29 0.0134916512061688
30 0.0099200058788606
31 0.0091476917937856
32 0.0067673486674946
33 0.0060551109423566
34 0.0252997249261307
35 0.0402996377803782
36 0.0608677212892492
37 0.1997110288628355
38 0.1066994740863183
39 0.0181423930021291
40 0.0463647778030549
41 0.1436781862852141
41 0.0662865967118587
42 0.0377831455077480
43 0.0271889679857022
44 0.0198787305810264
45 0.0155259593494317
46 0.0089312844090966
47 0.0077370664927895
48 0.0148118059321512
49 0.0145035410633549
50 0.0496652499077941
51 0.0529702775964164
52 0.2413248883956845
53 0.1518233835249462
54 0.0571354312993300
55 0.0389372501302798
56 0.1398635866034191
57 0.0742857945052988
58 0.0594738589990187
59 0.0466934261169417
60 0.0390983385267359
61 0.0813209337886780
62 0.0449146719855809
63 0.0387489605473539
64 0.0332117906467743
65 0.0184729414676454
66 0.0348710242276085
67 0.0300712912969067
68 0.2460773910141356
69 0.1765647780100512
70 0.0780736338063706
71 0.0493565385433901
72 0.0973382305945911
73 0.0454298728703545
74 0.0472726892149443
75 0.0662659747826461
76 0.0454768943257789
77 0.0283935774076818
78 0.0215791348412999
79 0.0072844878500779
80 0.0597175139223494
81 0.0813171062626244
82 0.0695645771264513
83 0.0718130948457567
83 0.2131348900094307
84 0.2186627309187992
85 0.0882175247575235
86 0.0989505947721348
87 0.0883760967786096
88 0.0786861147765828
89 0.0705725620437700
90 0.0941023475405554
91 0.0458629552855190
92 0.1002067165651867
93 0.0930075884889873
94 0.0823990210771017
95 0.1021965567010253
96 0.1306371345177327
97 0.1807787629101564
98 0.2954426588196707
99 1.0076933111445585
100 0.6267286130507819
101 0.2262232857525372
102 0.1353939474329782
103 0.0978212397651831
104 0.0610120799512590
105 0.0517252213440543
106 0.0339694542515910
107 0.0247413422824899
108 0.0295251299469588
109 0.0140586611923207
110 0.0150193799094488
111 0.0143421553283482
112 0.0152672590610544
113 0.0130330761364647
114 0.0472950246183328
115 0.2069828202632664
116 0.1471671275041709
117 0.0616077580741418
118 0.0769835141871084
119 0.0458275633563131
120 0.0048153542164129
121 0.0059729680319939
122 0.0152782779039080
123 0.0150103900467004
124 0.0089577581020661
125 0.0122663762287007
125 0.0133542327823452
126 0.0183024490803093
127 0.0194723137081188
128 0.0248753679052833
129 0.0512834253065409
130 0.1977052965482854
131 0.1258383938467822
132 0.0617619446254653
133 0.0572377414631129
134 0.0343929323243241
135 0.0036965353719730
136 0.0149135671513271
137 0.0388112520941066
138 0.0195057661623204
139 0.0062971688544137
140 0.0090994753277396
141 0.0138818998901060
142 0.0039284057640919
143 0.0056232928015278
144 0.0437705040782274
145 0.0440855114338526
146 0.1712196788296193
147 0.0995119802821130
148 0.0670350698833385
149 0.0479604207068571
150 0.0292665302303770
151 0.0050965461141372
152 0.0071137431506533
153 0.0135416471773030
154 0.0040518971584456
155 0.0020003474378121
156 0.0044467512884953
157 0.0038141816901659
158 0.0069042426822009
159 0.0074709121374930
160 0.0175434149885962
161 0.0308771673430617
162 0.1135247467642577
163 0.0785025947901557
164 0.0206453668507088
165 0.0245104407699843
166 0.0306251614197945
166 0.0134809992486139
167 0.0086283156592774
168 0.0037697726331820
169 0.0034026175504773
170 0.0040738933944691
171 0.0016188607995901
172 0.0053115228005520
173 0.0049091960179742
174 0.0067951827577009
175 0.0239241258159674
176 0.0217685847682711
177 0.0773166318728394
178 0.0513267282486649
179 0.0167498994931215
180 0.0176826578530326
181 0.0297074109999883
182 0.0108503520959912
183 0.0086343004165484
184 0.0049552236495121
185 0.0005214223844603
186 0.0022996229233990
187 0.0005006818626003
188 0.0014750010546061
189 0.0035307799335379
190 0.0024594568403874
191 0.0125729457196137
192 0.0169281804023968
193 0.0662702212322253
194 0.0454173490207988
195 0.0175451729143496
196 0.0213837327135836
197 0.0278785764447467
198 0.0075271922752609
199 0.0066899459436996
200 0.0032518789571489
201 0.0006636470494080
202 0.0005911725977457
203 0.0017791216229061
204 0.0003322984270025
205 0.0023555451526657
206 0.0043433440182830
207 0.0094553000521292
208 0.0166088829227278
208 0.0681872901675042
209 0.0454092560965696
210 0.0192876446832721
211 0.0202656108959742
212 0.0253350229993279
213 0.0059158714569100
214 0.0068286053759388
215 0.0024195205592896
216 0.0009545867007318
217 0.0007683696590248
218 0.0005061206440262
219 0.0003441395083136
220 0.0036948847319985
221 0.0045031502910747
222 0.0089658304916979
223 0.0162547864480919
224 0.0569936368278340
225 0.0419376274689800
226 0.0158976548772141
227 0.0172567599505288
228 0.0226983769316061
229 0.0071925724716686
230 0.0081283916738295
231 0.0041365657368226
232 0.0027839013333184
233 0.0057376878215505
234 0.0024576844075628
235 0.0025959282909460
236 0.0022508330975010
237 0.0041233840309556
238 0.0063623642538970
239 0.0095672846109791
240 0.0487922675018003
241 0.0338149875823042
242 0.0149470520185868
243 0.0147639603631528
244 0.0239669743154219
245 0.0056037730999568
246 0.0061701700235427
247 0.0006761870348898
248 0.0019485622900732
249 0.0036364891618027
250 0.0032756360496430
250 0.0043900510420843
251 0.0059628960623935
252 0.0087276507002535
253 0.0069269224084249
254 0.0072898167251700
255 0.0393500275174934
256 0.0279860263531314
257 0.0163554783623031
258 0.0223886869173488
259 0.0247702667657778
260 0.0058359070361501
261 0.0030480367600995
262 0.0036186105361034
263 0.0009481583285836
264 0.0006320866126145
265 0.0003597364815564
266 0.0006598507012219
267 0.0019466074006968
268 0.0151680879418412
269 0.0056430669607877
270 0.0108507596589067
271 0.0416907134786331
272 0.0287418624363430
273 0.0172851515101698
274 0.0207338249902490
275 0.0236989447641373
276 0.0064704889666576
277 0.0060278015874136
278 0.0012865585638745
279 0.0033494693762225
280 0.0043459040731741
281 0.0065587225661323
282 0.0043996376436806
283 0.0039304486627725
284 0.0187700529890018
285 0.0094391893463768
286 0.0083173234407307
287 0.0415639675945861
288 0.0328005243157921
289 0.0193593218089142
290 0.0169310383844970
291 0.0319063467777472
291 0.0015703364368743
292 0.0163005465732204
293 0.0101719483820994
294 0.0058165390144133
295 0.0070619108975350
296 0.0085128782796357
297 0.0113790601708199
298 0.0221127658750242
299 0.1447908217259648
300 0.0387520471305872
301 0.0231312881898401
302 0.0370859796110957
303 0.0293651742709934
304 0.0186603760697426
305 0.0252061742294912
306 0.0157880599182977
307 0.0083399800580582
308 0.0086883885848725
309 0.0060880504388684
310 0.0077680391936621
311 0.0077926714165292
312 0.0072864766850131
313 0.0056697342106320
314 0.0089274287479059
315 0.0200342071165571
316 0.0052262748247145
317 0.0063827838923125
318 0.0300003295846675
319 0.0125063596532152
320 0.0028488529158748
321 0.0149041858302735
322 0.0196663584861821
323 0.0096342316685905
324 0.0065031285898376
325 0.0031178974872709
326 0.0034192704872697
327 0.0047279672482049
328 0.0032863960559524
329 0.0031161682333215
330 0.0016705601565572
331 0.0120952112193875
332 0.0089420248159999
333 0.0030568850086112
333 0.0255740683470501
334 0.0169662361094328
335 0.0086677091995259
336 0.0124002818360843
337 0.0152457860830992
338 0.0059895358145625
339 0.0025771420192046
340 0.0000606367111686
341 0.0010346239442370
342 0.0006917582797500
343 0.0006527557888072
344 0.0011889145878002
345 0.0007056027565477
346 0.0081572776861123
347 0.0059182438667061
348 0.0054475808612173
349 0.0267292115209369
350 0.0176841032739691
351 0.0084090822602601
352 0.0142074897207017
353 0.0174221642656593
354 0.0035126512323973
355 0.0027505451030409
356 0.0005576442477596
357 0.0000892891224481
358 0.0008289153401970
359 0.0004847468968026
360 0.0013128040053106
361 0.0008231550307463
362 0.0032473231115343
363 0.0049288668033394
364 0.0059914248796074
365 0.0263846687835635
366 0.0204191362856244
367 0.0094033414118793
368 0.0137230786486064
369 0.0158092129398928
370 0.0036628391213627
371 0.0040053943423560
372 0.0007198702895776
373 0.0021807890384188
374 0.0017783775257832
375 0.0050902061933441
375 0.0083897513320765
376 0.0025440855936724
377 0.0010185940007764
378 0.0077713971288655
379 0.0052773851386467
380 0.0269166176191123
381 0.0166442898336839
382 0.0089501547557718
383 0.0117100171085130
384 0.0150011493327267
385 0.0051658319458834
386 0.0033140539367321
387 0.0029256861528305
388 0.0033430937316505
389 0.0028111776720268
390 0.0037394298853210
391 0.0019186071335039
392 0.0027810355217419
393 0.0014188776723529
394 0.0046614688241702
395 0.0045086830504473
396 0.0229618231876390
397 0.0186187189401854
398 0.0101741150598443
399 0.0126556929407855
400 0.0163183729605106
401 0.0057818286632568
402 0.0035373655003737
403 0.0030922744606589
404 0.0004919319573307
405 0.0010604198672909
406 0.0004634897173188
407 0.0016518161040269
408 0.0013160217529576
409 0.0040202973745004
410 0.0059542201576398
411 0.0043754580839117
412 0.0210391701574763
413 0.0152064349331273
414 0.0076159032467785
415 0.0118101701111157
416 0.0156087823642538
416 0.0037836679859682
417 0.0018099280004745
418 0.0004282652134516
419 0.0004662329805429
420 0.0001065867489013
421 0.0000844614918669
422 0.0003373110120281
423 0.0007463914537666
424 0.0027278533892621
425 0.0047792069554798
426 0.0045553281601697
427 0.0219894715824937
428 0.0161165437979996
429 0.0079834032303557
430 0.0119135085697459
431 0.0144432957875047
432 0.0032331754033213
433 0.0011224744192665
434 0.0005820648501681
435 0.0010879825507762
436 0.0011355707680724
437 0.0013981990820658
438 0.0004753455673419
439 0.0014790320021738
440 0.0025721455987666
441 0.0051609210180615
442 0.0053965193336515
443 0.0213874405405653
444 0.0160953025883732
445 0.0080759473205949
446 0.0116860265971788
447 0.0150183729600600
448 0.0053390650884247
449 0.0028038769183884
450 0.0029037991042638
451 0.0038330247489134
452 0.0038269905686988
453 0.0021568695036169
454 0.0022432375882540
455 0.0042403335080080
456 0.0036371468663618
457 0.0037620515967530
458 0.0048949713369102
458 0.0238481644613835
459 0.0138411852986042
460 0.0089239993819628
461 0.0047024508005049
462 0.0101832571666539
463 0.0045446431142225
464 0.0036234565658838
465 0.0015868168664023
466 0.0021058816171682
467 0.0026496468350670
468 0.0018248295877395
469 0.0017140697524964
470 0.0014155273924546
471 0.0016227350650086
472 0.0028496622074944
473 0.0059183510424957
474 0.0195637520458258
475 0.0164182384065369
476 0.0070670844389793
477 0.0137177554191033
478 0.0140352284069193
479 0.0004040779326126
480 0.0016062840950203
481 0.0029923954939986
482 0.0023641161828580
483 0.0025066591941391
484 0.0026555279158360
485 0.0022968776915055
486 0.0023013103165722
487 0.0029404736188227
488 0.0010934937528303
489 0.0031060691053491
490 0.0178685159995994
491 0.0130494992966293
492 0.0074620069397648
493 0.0128738034834431
494 0.0162133563627083
495 0.0039824821544969
496 0.0018019546602679
497 0.0007658484448156
498 0.0009560887604817
499 0.0000877106427675
500 0.0000002977343608
500 0.0001026218989493
501 0.0013372591074267
502 0.0023930329638414
503 0.0029994455469594
504 0.0045747255767838
505 0.0199878164459900
506 0.0153322927760352
507 0.0075749335337328
508 0.0113783200983607
509 0.0140003783237983
510 0.0020750185770268
511 0.0007058580535219
512 0.0018224117119949
513 0.0021468734279776
514 0.0024308686525340
515 0.0026521079189161
516 0.0023190490536651
517 0.0024180572841851
518 0.0019199745557551
519 0.0015716706214471
520 0.0017094349646254
521 0.0188510325718751
522 0.0161187127756956
523 0.0072477299190467
524 0.0139308405151813
525 0.0142513952989677
526 0.0047906795457810
527 0.0010679932245205
528 0.0016507026159728
529 0.0015020634349437
530 0.0015510185221491
531 0.0015908120630817
532 0.0031123418621829
533 0.0019306048916431
534 0.0023058707081617
535 0.0039314913691930
536 0.0057770961010690
537 0.0142533930339509
538 0.0059958790325674
539 0.0080858679385254
540 0.0088731808051422
541 0.0157470477775263
541 0.0038404915812024
542 0.0030953292211913
543 0.0044803509238986
544 0.0040743947494797
545 0.0027188619192811
546 0.0020160860130310
547 0.0042437949379600
548 0.0039773394975826
549 0.0032237329766385
550 0.0023227015984592
551 0.0056526301017219
552 0.0165228101212996
553 0.0111915836412219
554 0.0059801655256325
555 0.0099394063443894
556 0.0121851950605229
557 0.0034488510809238
558 0.0036656697036657
559 0.0008018076414538
560 0.0011985551092349
561 0.0002550109241102
562 0.0013918416245003
563 0.0011250824938103
564 0.0011302642074092
565 0.0011151456181576
566 0.0009124834518742
567 0.0028768282556168
568 0.0142882982231848
569 0.0105136865944808
570 0.0059507010739364
571 0.0105481813169283
572 0.0132508354015609
573 0.0026272525921917
574 0.0027860278638339
575 0.0006757426068299
576 0.0004477685746156
577 0.0003692790583058
578 0.0000812134911123
579 0.0002327783522962
580 0.0005287850399759
581 0.0009454537179182
582 0.0017824357260296
583 0.0033727032009793
583 0.0156441636600673
584 0.0111155635854958
585 0.0063481834141040
586 0.0103575795361126
587 0.0119598342498179
588 0.0026089722379903
589 0.0037439438061511
590 0.0025579786585624
591 0.0011749714966836
592 0.0017056159162270
593 0.0002468583474608
594 0.0012323877925235
595 0.0006049436967219
596 0.0025620846072877
597 0.0031701971265144
598 0.0052204269418175
599 0.0169035715326995
600 0.0121966194002020
601 0.0079251549107718
602 0.0113204985864111
603 0.0129622177863390
604 0.0024947338671298
605 0.0022813059253534
606 0.0009720009268658
607 0.0018121757318121
608 0.0013233631510163
609 0.0030758212342093
610 0.0022869257666349
611 0.0021408663424408
612 0.0022668172237370
613 0.0029654114118878
614 0.0043287212373391
615 0.0150957919592342
616 0.0103140966916286
617 0.0046985224979955
618 0.0069572516695922
619 0.0125238795989078
620 0.0023563446251816
621 0.0042279724828580
622 0.0013061590123725
623 0.0017745335968511
624 0.0049520065431579
625 0.0030827903639131
625 0.0014910305775689
626 0.0011895562493417
627 0.0003841468539607
628 0.0030847400772433
629 0.0031869621255605
630 0.0132237027367199
631 0.0098761331615358
632 0.0056953212622642
633 0.0101219509771499
634 0.0116211350137306
635 0.0027073726032944
636 0.0016609709476255
637 0.0008879381682277
638 0.0002360359091648
639 0.0009663433560919
640 0.0003359726433675
641 0.0006713360320329
642 0.0001308495685944
643 0.0004748674999971
644 0.0024394640284342
645 0.0029244637909833
646 0.0130662891952882
647 0.0092422642249765
648 0.0049241801277888
649 0.0094285751794814
650 0.0127686504967206
651 0.0024468156244823
652 0.0017847964433979
653 0.0008341203046169
654 0.0001824927237997
655 0.0006734399463861
656 0.0003151461222007
657 0.0004787970616083
658 0.0006738503268413
659 0.0008427159981666
660 0.0022760205370767
661 0.0039184999727318
662 0.0129208715900454
663 0.0093107142926751
664 0.0057202348396439
665 0.0096989333893094
666 0.0120118478522648
666 0.0013399965282619
667 0.0031190998623187
668 0.0014561382609696
669 0.0013756946861860
670 0.0010092944137858
671 0.0008549464399227
672 0.0012498724230242
673 0.0013890852953420
674 0.0018685600963192
675 0.0036626121967190
676 0.0044242992388166
677 0.0154803889103664
678 0.0104299902689173
679 0.0026087866492559
680 0.0065021281988265
681 0.0118426557839285
682 0.0027288852664682
683 0.0001772795209735
684 0.0042785211873066
685 0.0015101805604265
686 0.0008209040364765
687 0.0012776880477013
688 0.0022003720026120
689 0.0020109928671059
690 0.0016154998318292
691 0.0003372707967510
692 0.0056697671565582
693 0.0147458272006136
694 0.0114798747657049
695 0.0066950372216025
696 0.0102732310207220
697 0.0100194858648296
698 0.0020033453351294
699 0.0019539694353748
700 0.0136211309655644
701 0.0030978690752972
702 0.0019028834542771
703 0.0023444401192786
704 0.0023798580676153
705 0.0022554701732984
706 0.0026739712474981
707 0.0044152205276753
708 0.0015485994006476
708 0.0156338689713401
709 0.0093601527014107
710 0.0066007830435452
711 0.0095806260568176
712 0.0124500116243126
713 0.0037746819984341
714 0.0012280266555311
715 0.0019281100446778
716 0.0010245557701005
717 0.0016108101039021
718 0.0023894323814713
719 0.0014473522118631
720 0.0017587036661241
721 0.0014763165069477
722 0.0028606934220603
723 0.0020971855618402
724 0.0125879624320999
725 0.0098631272088806
726 0.0059834464880994
727 0.0085240225570140
728 0.0126187477459127
729 0.0035982933206320
730 0.0030200130270683
731 0.0015390013216907
732 0.0001812167078911
733 0.0003212227858779
734 0.0001211750826544
735 0.0002056033397397
736 0.0007632915125440
737 0.0004673895557452
738 0.0017160621421460
739 0.0029342670951593
740 0.0137343853857042
741 0.0109421750275134
742 0.0061277925605792
743 0.0085834006314678
744 0.0104460400539607
745 0.0035425745803151
746 0.0022211458113818
747 0.0022858576631624
748 0.0028975309575995
749 0.0023212194946292
750 0.0014971421998203
750 0.0016359405056447
751 0.0013398841757378
752 0.0013801506034040
753 0.0027150628268577
754 0.0032288784792289
755 0.0137565208507280
756 0.0081104949693312
757 0.0051500084098950
758 0.0093933113478617
759 0.0128806069995372
760 0.0025254797418212
761 0.0020140159450591
762 0.0020724141424157
763 0.0019196715192898
764 0.0012803067794346
765 0.0014624727709935
766 0.0029349714366376
767 0.0014767655095310
768 0.0019257319912739
769 0.0027783820992700
770 0.0030397867500879
771 0.0128565054562324
772 0.0086478826173235
773 0.0037504518187716
774 0.0085043081377985
775 0.0099665346231755
776 0.0031879694310024
777 0.0022244157469020
778 0.0012006937573685
779 0.0018518651966217
780 0.0009086785976919
781 0.0006732941032183
782 0.0007450069611538
783 0.0012878293100146
784 0.0003761410697962
785 0.0016144033333679
786 0.0028514987181370
787 0.0122370994025832
788 0.0094159221340547
789 0.0051056637263365
790 0.0075096490783960
791 0.0128410991656676
791 0.0034459864877854
792 0.0015602253195699
793 0.0009652272649352
794 0.0008600712065300
795 0.0004199843789154
796 0.0015510219610615
797 0.0010244260393783
798 0.0006996625311480
799 0.0001179765119612
800 0.0013371308106102
801 0.0019423761937978
802 0.0116786077833809
803 0.0091771613006659
804 0.0049174825178171
805 0.0086756305861332
806 0.0113996319578794
807 0.0029084974865705
808 0.0031316909791622
809 0.0012674448805995
810 0.0002975736726087
811 0.0005331956803608
812 0.0002552661992905
813 0.0002801305402345
814 0.0005765653563390
815 0.0007039946344645
816 0.0019455897571541
817 0.0027840333371315
818 0.0121349027038116
819 0.0094855352550047
820 0.0045286612079565
821 0.0089102857377538
822 0.0102195351563428
823 0.0036696223104025
824 0.0043408023339422
825 0.0028809500623725
826 0.0011280990817877
827 0.0011019938521665
828 0.0001484485801143
829 0.0012152540476614
830 0.0007152588810585
831 0.0001143603113553
832 0.0017557970597987
833 0.0027537568439983
833 0.0130706485089039
834 0.0080711109433061
835 0.0055164955239968
836 0.0075145524151848
837 0.0099213116441343
838 0.0023867332575880
839 0.0027802598448251
840 0.0007034169852094
841 0.0016642335293658
842 0.0010160603702548
843 0.0001013233204024
844 0.0002524474853377
845 0.0006220490358666
846 0.0017040206251688
847 0.0012686531087453
848 0.0003962062668149
849 0.0113639336012985
850 0.0106919717134065
851 0.0074726261207527
852 0.0069888329792729
853 0.0127819237609464
854 0.0030447446449501
855 0.0047707904235408
856 0.0016871659005868
857 0.0010361505769826
858 0.0020459910286098
859 0.0013572266747521
860 0.0008640377115925
861 0.0027446241957706
862 0.0047538131667482
863 0.0029951951172316
864 0.0023750602567960
865 0.0109502638522383
866 0.0081555508203550
867 0.0050871602712509
868 0.0073736887644555
869 0.0124956716852926
870 0.0028081509239642
871 0.0015374374774918
872 0.0002599554705355
873 0.0006414139181453
874 0.0007216184550766
875 0.0012099774658788
875 0.0003409947205547
876 0.0007749319576595
877 0.0012332469122065
878 0.0011733132980133
879 0.0025977055942902
880 0.0123534757559067
881 0.0090252921247369
882 0.0046745721531695
883 0.0089047051581753
884 0.0125793171525822
885 0.0027614926176555
886 0.0020169854146868
887 0.0008888008217966
888 0.0005085183993479
889 0.0001953139812155
890 0.0003279891244752
891 0.0008738399675629
892 0.0010595300319160
893 0.0009505499385010
894 0.0019843260836262
895 0.0027463358016323
896 0.0129418315627481
897 0.0085019844341414
898 0.0046479110802799
899 0.0075103116560705
900 0.0104592166883443
901 0.0023814692082859
902 0.0029106034925254
903 0.0017822350416699
904 0.0013457021929948
905 0.0016112163627132
906 0.0012765736161357
907 0.0032607351159756
908 0.0023370419149370
909 0.0018436878705557
910 0.0012717586650290
911 0.0033320120813171
912 0.0132962220816393
913 0.0084082290412619
914 0.0053822076463444
915 0.0061642264834169
916 0.0117576467267780
916 0.0010025458656884
917 0.0028382957296013
918 0.0040236799289363
919 0.0030013122635905
920 0.0029109349046666
921 0.0017776323686092
922 0.0026306652855746
923 0.0011709306552742
924 0.0035603153553497
925 0.0032083827700376
926 0.0030282070658327
927 0.0111073084433207
928 0.0075442667944635
929 0.0050076748404769
930 0.0089761791750360
931 0.0107836410943287
932 0.0038534029964290
933 0.0017201281829008
934 0.0005962011671105
935 0.0011604223290726
936 0.0009660623540489
937 0.0043314474210254
938 0.0034860441976430
939 0.0013384600060033
940 0.0006698958367202
941 0.0020817768441880
942 0.0034911103125046
943 0.0115028967449788
944 0.0101167700258955
945 0.0047540169454042
946 0.0093608448193337
947 0.0117594674675941
948 0.0042329477358487
949 0.0028185333703548
950 0.0001689824665255
951 0.0005375949122836
952 0.0000981692763873
953 0.0002561659806566
954 0.0002551936308108
955 0.0003475969697896
956 0.0001926046999300
957 0.0019017269294748
958 0.0032995442513842
958 0.0118847098619052
959 0.0093760122705547
960 0.0048325844856098
961 0.0076817731174108
962 0.0110074284700361
963 0.0022283815727712
964 0.0019107824576674
965 0.0000747251378911
966 0.0006864063494989
967 0.0002722197313108
968 0.0004063670375142
969 0.0005702503921659
970 0.0008191780570027
971 0.0003706382711772
972 0.0018300126885935
973 0.0025420975539636
974 0.0123163018770350
975 0.0088452281646533
976 0.0041413501171793
977 0.0073511119316420
978 0.0098900329220568
979 0.0032494907814491
980 0.0025117417477209
981 0.0008921718311153
982 0.0005218547792088
983 0.0009006009139182
984 0.0003671948963603
985 0.0007880752788060
986 0.0010483116831937
987 0.0004454855278427
988 0.0028485875368245
989 0.0038066056251829
990 0.0107285185239014
991 0.0099939935681255
992 0.0060102764910481
993 0.0068841489282250
994 0.0117497584605662
995 0.0035578693555924
996 0.0038365774033761
997 0.0034224183170300
998 0.0024839432173425
999 0.0014040568019943
1000 0.0002791499235101
