0.000000 0.0000000000000000
0.000488 0.6180339887498948
0.000977 1.1755705045849463
0.001465 1.6180339887498949
0.001953 1.9021130325903071
0.002441 2.0000000000000000
0.002930 1.9021130325903071
0.003418 1.6180339887498949
0.003906 1.1755705045849465
0.004395 0.6180339887498950
0.004883 0.0000000000000002
0.005371 -0.6180339887498946
0.005859 -1.1755705045849467
0.006348 -1.6180339887498947
0.006836 -1.9021130325903071
0.007324 -2.0000000000000000
0.007812 -1.9021130325903073
0.008301 -1.6180339887498940
0.008789 -1.1755705045849467
0.009277 -0.6180339887498952
0.009766 -0.0000000000000005
0.010254 0.6180339887498960
0.010742 1.1755705045849458
0.011230 1.6180339887498945
0.011719 1.9021130325903075
0.012207 2.0000000000000000
0.012695 1.9021130325903073
0.013184 1.6180339887498953
0.013672 1.1755705045849467
0.014160 0.6180339887498956
0.014648 0.0000000000000007
0.015137 -0.6180339887498941
0.015625 -1.1755705045849456
0.016113 -1.6180339887498965
0.016602 -1.9021130325903080
0.017090 -2.0000000000000000
0.017578 -1.9021130325903075
0.018066 -1.6180339887498953
0.018555 -1.1755705045849469
0.019043 -0.6180339887498958
0.019531 -0.0000000000000010
0.020020 0.6180339887498972
0.020508 1.1755705045849483
0.020996 1.6180339887498942
0.021484 1.9021130325903068
0.021973 2.0000000000000000
0.022461 1.9021130325903075
0.022949 1.6180339887498956
0.023438 1.1755705045849443
0.023926 0.6180339887498926
0.024414 -0.0000000000000023
0.024902 -0.6180339887498902
0.025391 -1.1755705045849452
0.025879 -1.6180339887498962
0.026367 -1.9021130325903068
0.026855 -2.0000000000000000
0.027344 -1.9021130325903075
0.027832 -1.6180339887498936
0.028320 -1.1755705045849474
0.028809 -0.6180339887498996
0.029297 -0.0000000000000015
0.029785 0.6180339887498968
0.030273 1.1755705045849449
0.030762 1.6180339887498960
0.031250 1.9021130325903066
0.031738 2.0000000000000000
0.032227 1.9021130325903055
0.032715 1.6180339887498938
0.033203 1.1755705045849418
0.033691 0.6180339887498931
0.034180 -0.0000000000000054
0.034668 -0.6180339887498898
0.035156 -1.1755705045849449
0.035645 -1.6180339887498918
0.036133 -1.9021130325903066
0.036621 -2.0000000000000000
0.037109 -1.9021130325903077
0.037598 -1.6180339887498938
0.038086 -1.1755705045849478
0.038574 -0.6180339887498933
0.039062 -0.0000000000000020
0.039551 0.6180339887498963
0.040039 1.1755705045849503
0.040527 1.6180339887498958
0.041016 1.9021130325903086
0.041504 2.0000000000000000
0.041992 1.9021130325903077
0.042480 1.6180339887498982
0.042969 1.1755705045849481
0.043457 0.6180339887499003
0.043945 0.0000000000000022
0.044434 -0.6180339887498961
0.044922 -1.1755705045849445
0.045410 -1.6180339887498956
0.045898 -1.9021130325903064
0.046387 -2.0000000000000000
0.046875 -1.9021130325903057
0.047363 -1.6180339887498942
0.047852 -1.1755705045849425
0.048340 -0.6180339887498938
0.048828 0.0000000000000047
0.049316 0.6180339887498959
0.049805 1.1755705045849385
0.050293 1.6180339887498913
0.050781 1.9021130325903064
0.051270 2.0000000000000000
0.051758 1.9021130325903057
0.052246 1.6180339887498985
0.052734 1.1755705045849485
0.053223 0.6180339887498940
0.053711 -0.0000000000000044
0.054199 -0.6180339887499025
0.054688 -1.1755705045849441
0.055176 -1.6180339887498953
0.055664 -1.9021130325903084
0.056152 -2.0000000000000000
0.056641 -1.9021130325903080
0.057129 -1.6180339887498945
0.057617 -1.1755705045849543
0.058105 -0.6180339887499010
0.058594 -0.0000000000000029
0.059082 0.6180339887498955
0.059570 1.1755705045849496
0.060059 1.6180339887498909
0.060547 1.9021130325903062
0.061035 2.0000000000000000
0.061523 1.9021130325903060
0.062012 1.6180339887498905
0.062500 1.1755705045849487
0.062988 0.6180339887498945
0.063477 -0.0000000000000039
0.063965 -0.6180339887499019
0.064453 -1.1755705045849552
0.064941 -1.6180339887498951
0.065430 -1.9021130325903084
0.065918 -2.0000000000000000
0.066406 -1.9021130325903037
0.066895 -1.6180339887498947
0.067383 -1.1755705045849432
0.067871 -0.6180339887498879
0.068359 0.0000000000000108
0.068848 0.6180339887498815
0.069336 1.1755705045849376
0.069824 1.6180339887498907
0.070312 1.9021130325903060
0.070801 2.0000000000000000
0.071289 1.9021130325903104
0.071777 1.6180339887498991
0.072266 1.1755705045849492
0.072754 0.6180339887498949
0.073242 -0.0000000000000034
0.073730 -0.6180339887498879
0.074219 -1.1755705045849432
0.074707 -1.6180339887498947
0.075195 -1.9021130325903082
0.075684 -2.0000000000000000
0.076172 -1.9021130325903084
0.076660 -1.6180339887498951
0.077148 -1.1755705045849436
0.077637 -0.6180339887498885
0.078125 -0.0000000000000039
0.078613 0.6180339887498945
0.079102 1.1755705045849487
0.079590 1.6180339887498987
0.080078 1.9021130325903104
0.080566 2.0000000000000000
0.081055 1.9021130325903062
0.081543 1.6180339887498909
0.082031 1.1755705045849381
0.082520 0.6180339887498819
0.083008 -0.0000000000000029
0.083496 -0.6180339887499010
0.083984 -1.1755705045849429
0.084473 -1.6180339887498945
0.084961 -1.9021130325903037
0.085449 -2.0000000000000000
0.085938 -1.9021130325903084
0.086426 -1.6180339887498953
0.086914 -1.1755705045849556
0.087402 -0.6180339887499025
0.087891 -0.0000000000000044
0.088379 0.6180339887498940
0.088867 1.1755705045849485
0.089355 1.6180339887498900
0.089844 1.9021130325903057
0.090332 2.0000000000000000
0.090820 1.9021130325903064
0.091309 1.6180339887498913
0.091797 1.1755705045849500
0.092285 0.6180339887498959
0.092773 -0.0000000000000025
0.093262 -0.6180339887499006
0.093750 -1.1755705045849540
0.094238 -1.6180339887498942
0.094727 -1.9021130325903080
0.095215 -2.0000000000000000
0.095703 -1.9021130325903042
0.096191 -1.6180339887498874
0.096680 -1.1755705045849445
0.097168 -0.6180339887498894
0.097656 0.0000000000000093
0.098145 0.6180339887499071
0.098633 1.1755705045849481
0.099121 1.6180339887498982
0.099609 1.9021130325903013
0.100098 2.0000000000000000
0.100586 1.9021130325903108
0.101074 1.6180339887499000
0.101562 1.1755705045849503
0.102051 0.6180339887498963
0.102539 -0.0000000000000020
0.103027 -0.6180339887499001
0.103516 -1.1755705045849536
0.104004 -1.6180339887498856
0.104492 -1.9021130325903033
0.104980 -2.0000000000000000
0.105469 -1.9021130325903088
0.105957 -1.6180339887498958
0.106445 -1.1755705045849447
0.106934 -0.6180339887498898
0.107422 0.0000000000000088
0.107910 0.6180339887499066
0.108398 1.1755705045849592
0.108887 1.6180339887498896
0.109375 1.9021130325903055
0.109863 2.0000000000000000
0.110352 1.9021130325903066
0.110840 1.6180339887498918
0.111328 1.1755705045849392
0.111816 0.6180339887498832
0.112305 -0.0000000000000157
0.112793 -0.6180339887499131
0.113281 -1.1755705045849416
0.113770 -1.6180339887498936
0.114258 -1.9021130325903075
0.114746 -2.0000000000000000
0.115234 -1.9021130325903133
0.115723 -1.6180339887499045
0.116211 -1.1755705045849567
0.116699 -0.6180339887499038
0.117188 -0.0000000000000059
0.117676 0.6180339887498926
0.118164 1.1755705045849472
0.118652 1.6180339887498976
0.119141 1.9021130325903097
0.119629 2.0000000000000000
0.120117 1.9021130325903113
0.120605 1.6180339887499005
0.121094 1.1755705045849512
0.121582 0.6180339887498972
0.122070 -0.0000000000000010
0.122559 -0.6180339887498991
0.123047 -1.1755705045849527
0.123535 -1.6180339887499016
0.124023 -1.9021130325903117
0.124512 -2.0000000000000000
0.125000 -1.9021130325903091
0.125488 -1.6180339887498965
0.125977 -1.1755705045849456
0.126465 -0.6180339887498908
0.126953 0.0000000000000078
0.127441 0.6180339887499057
0.127930 1.1755705045849583
0.128418 1.6180339887499058
0.128906 1.9021130325903139
0.129395 2.0000000000000000
0.129883 1.9021130325903071
0.130371 1.6180339887498925
0.130859 1.1755705045849401
0.131348 0.6180339887498842
0.131836 -0.0000000000000147
0.132324 -0.6180339887499122
0.132812 -1.1755705045849638
0.133301 -1.6180339887499098
0.133789 -1.9021130325903073
0.134277 -2.0000000000000000
0.134766 -1.9021130325903048
0.135254 -1.6180339887498885
0.135742 -1.1755705045849345
0.136230 -0.6180339887498777
0.136719 0.0000000000000216
0.137207 0.6180339887499187
0.137695 1.1755705045849234
0.138184 1.6180339887498802
0.138672 1.9021130325903006
0.139160 2.0000000000000000
0.139648 1.9021130325903115
0.140137 1.6180339887499011
0.140625 1.1755705045849520
0.141113 0.6180339887498982
0.141602 -0.0000000000000000
0.142090 -0.6180339887498711
0.142578 -1.1755705045849290
0.143066 -1.6180339887498845
0.143555 -1.9021130325903026
0.144043 -2.0000000000000000
0.144531 -1.9021130325903093
0.145020 -1.6180339887498971
0.145508 -1.1755705045849465
0.145996 -0.6180339887498917
0.146484 0.0000000000000069
0.146973 0.6180339887498777
0.147461 1.1755705045849345
0.147949 1.6180339887498885
0.148438 1.9021130325903048
0.148926 2.0000000000000000
0.149414 1.9021130325903073
0.149902 1.6180339887498929
0.150391 1.1755705045849409
0.150879 0.6180339887498851
0.151367 -0.0000000000000137
0.151855 -0.6180339887498842
0.152344 -1.1755705045849401
0.152832 -1.6180339887498925
0.153320 -1.9021130325903071
0.153809 -2.0000000000000000
0.154297 -1.9021130325903051
0.154785 -1.6180339887498889
0.155273 -1.1755705045849354
0.155762 -0.6180339887498786
0.156250 -0.0000000000000078
0.156738 0.6180339887498908
0.157227 1.1755705045849456
0.157715 1.6180339887498965
0.158203 1.9021130325903091
0.158691 2.0000000000000000
0.159180 1.9021130325903031
0.159668 1.6180339887498849
0.160156 1.1755705045849298
0.160645 0.6180339887498721
0.161133 0.0000000000000010
0.161621 -0.6180339887498972
0.162109 -1.1755705045849512
0.162598 -1.6180339887499005
0.163086 -1.9021130325903113
0.163574 -2.0000000000000000
0.164062 -1.9021130325903008
0.164551 -1.6180339887498809
0.165039 -1.1755705045849243
0.165527 -0.6180339887498926
0.166016 0.0000000000000059
0.166504 0.6180339887499038
0.166992 1.1755705045849567
0.167480 1.6180339887499045
0.167969 1.9021130325903046
0.168457 2.0000000000000000
0.168945 1.9021130325903075
0.169434 1.6180339887499102
0.169922 1.1755705045849647
0.170410 0.6180339887499131
0.170898 0.0000000000000157
0.171387 -0.6180339887498832
0.171875 -1.1755705045849394
0.172363 -1.6180339887498918
0.172852 -1.9021130325903066
0.173340 -2.0000000000000000
0.173828 -1.9021130325903142
0.174316 -1.6180339887499062
0.174805 -1.1755705045849592
0.175293 -0.6180339887499066
0.175781 -0.0000000000000088
0.176270 0.6180339887498898
0.176758 1.1755705045849449
0.177246 1.6180339887498958
0.177734 1.9021130325903088
0.178223 2.0000000000000000
0.178711 1.9021130325903122
0.179199 1.6180339887499022
0.179688 1.1755705045849536
0.180176 0.6180339887499000
0.180664 0.0000000000000020
0.181152 -0.6180339887498963
0.181641 -1.1755705045849505
0.182129 -1.6180339887499000
0.182617 -1.9021130325903108
0.183105 -2.0000000000000000
0.183594 -1.9021130325903099
0.184082 -1.6180339887498982
0.184570 -1.1755705045849481
0.185059 -0.6180339887498936
0.185547 0.0000000000000049
0.186035 0.6180339887499029
0.186523 1.1755705045849560
0.187012 1.6180339887499040
0.187500 1.9021130325903131
0.187988 2.0000000000000000
0.188477 1.9021130325903080
0.188965 1.6180339887498942
0.189453 1.1755705045849425
0.189941 0.6180339887498870
0.190430 -0.0000000000000118
0.190918 -0.6180339887499094
0.191406 -1.1755705045849616
0.191895 -1.6180339887499080
0.192383 -1.9021130325903151
0.192871 -2.0000000000000000
0.193359 -1.9021130325903057
0.193848 -1.6180339887498900
0.194336 -1.1755705045849369
0.194824 -0.6180339887498805
0.195312 0.0000000000000186
0.195801 0.6180339887499159
0.196289 1.1755705045849669
0.196777 1.6180339887499120
0.197266 1.9021130325903084
0.197754 2.0000000000000000
0.198242 1.9021130325903037
0.198730 1.6180339887499029
0.199219 1.1755705045849774
0.199707 0.6180339887499010
0.200195 0.0000000000000314
0.200684 -0.6180339887498955
0.201172 -1.1755705045849265
0.201660 -1.6180339887498993
0.202148 -1.9021130325903017
0.202637 -2.0000000000000000
0.203125 -1.9021130325903104
0.203613 -1.6180339887499156
0.204102 -1.1755705045849487
0.204590 -0.6180339887499215
0.205078 0.0000000000000039
0.205566 0.6180339887498749
0.206055 1.1755705045849552
0.206543 1.6180339887498867
0.207031 1.9021130325903126
0.207520 2.0000000000000000
0.208008 1.9021130325903171
0.208496 1.6180339887498947
0.208984 1.1755705045849663
0.209473 0.6180339887498879
0.209961 0.0000000000000176
0.210449 -0.6180339887499084
0.210938 -1.1755705045849376
0.211426 -1.6180339887499073
0.211914 -1.9021130325903060
0.212402 -2.0000000000000000
0.212891 -1.9021130325903060
0.213379 -1.6180339887499073
0.213867 -1.1755705045849376
0.214355 -0.6180339887499084
0.214844 0.0000000000000176
0.215332 0.6180339887498879
0.215820 1.1755705045849663
0.216309 1.6180339887498947
0.216797 1.9021130325903171
0.217285 2.0000000000000000
0.217773 1.9021130325903126
0.218262 1.6180339887498867
0.218750 1.1755705045849552
0.219238 0.6180339887498749
0.219727 0.0000000000000039
0.220215 -0.6180339887499215
0.220703 -1.1755705045849487
0.221191 -1.6180339887499156
0.221680 -1.9021130325903104
0.222168 -2.0000000000000000
0.222656 -1.9021130325903017
0.223145 -1.6180339887498993
0.223633 -1.1755705045849265
0.224121 -0.6180339887498955
0.224609 0.0000000000000314
0.225098 0.6180339887499010
0.225586 1.1755705045849774
0.226074 1.6180339887499029
0.226562 1.9021130325903037
0.227051 2.0000000000000000
0.227539 1.9021130325903084
0.228027 1.6180339887498787
0.228516 1.1755705045849441
0.229004 0.6180339887499159
0.229492 -0.0000000000000098
0.229980 -0.6180339887498805
0.230469 -1.1755705045849139
0.230957 -1.6180339887498900
0.231445 -1.9021130325902971
0.231934 -2.0000000000000000
0.232422 -1.9021130325903151
0.232910 -1.6180339887498913
0.233398 -1.1755705045849614
0.233887 -0.6180339887498824
0.234375 -0.0000000000000118
0.234863 0.6180339887498600
0.235352 1.1755705045849425
0.235840 1.6180339887498774
0.236328 1.9021130325903080
0.236816 2.0000000000000000
0.237305 1.9021130325903042
0.237793 1.6180339887499040
0.238281 1.1755705045849330
0.238770 0.6180339887499029
0.239258 -0.0000000000000235
0.239746 -0.6180339887498936
0.240234 -1.1755705045849250
0.240723 -1.6180339887498982
0.241211 -1.9021130325903013
0.241699 -2.0000000000000000
0.242188 -1.9021130325903108
0.242676 -1.6180339887498831
0.243164 -1.1755705045849503
0.243652 -0.6180339887498693
0.244141 0.0000000000000020
0.244629 0.6180339887498730
0.245117 1.1755705045849536
0.245605 1.6180339887498856
0.246094 1.9021130325903122
0.246582 2.0000000000000000
0.247070 1.9021130325903000
0.247559 1.6180339887498958
0.248047 1.1755705045849218
0.248535 0.6180339887498898
0.249023 0.0000000000000196
0.249512 -0.6180339887499066
0.250000 -1.1755705045849361
0.250488 -1.6180339887499062
0.250977 -1.9021130325903055
0.251465 -2.0000000000000000
0.251953 -1.9021130325903066
0.252441 -1.6180339887498751
0.252930 -1.1755705045849392
0.253418 -0.6180339887498563
0.253906 0.0000000000000157
0.254395 0.6180339887498861
0.254883 1.1755705045849647
0.255371 1.6180339887498936
0.255859 1.9021130325903164
0.256348 2.0000000000000000
0.256836 1.9021130325902957
0.257324 1.6180339887498878
0.257812 1.1755705045849107
0.258301 0.6180339887498768
0.258789 0.0000000000000059
0.259277 -0.6180339887499197
0.259766 -1.1755705045849472
0.260254 -1.6180339887499142
0.260742 -1.9021130325903097
0.261230 -2.0000000000000000
0.261719 -1.9021130325903024
0.262207 -1.6180339887498671
0.262695 -1.1755705045849281
0.263184 -0.6180339887498972
0.263672 0.0000000000000294
0.264160 0.6180339887498991
0.264648 1.1755705045849758
0.265137 1.6180339887499016
0.265625 1.9021130325903206
0.266113 2.0000000000000000
0.266602 1.9021130325902915
0.267090 1.6180339887498798
0.267578 1.1755705045849456
0.268066 0.6180339887498637
0.268555 -0.0000000000000078
0.269043 -0.6180339887499327
0.269531 -1.1755705045849583
0.270020 -1.6180339887499224
0.270508 -1.9021130325903139
0.270996 -2.0000000000000000
0.271484 -1.9021130325902982
0.271973 -1.6180339887498589
0.272461 -1.1755705045849172
0.272949 -0.6180339887498842
0.273438 0.0000000000000431
0.273926 0.6180339887499122
0.274414 1.1755705045849869
0.274902 1.6180339887498763
0.275391 1.9021130325902897
0.275879 2.0000000000000000
0.276367 1.9021130325903224
0.276855 1.6180339887499051
0.277344 1.1755705045849805
0.277832 0.6180339887499047
0.278320 0.0000000000000353
0.278809 -0.6180339887498917
0.279297 -1.1755705045849234
0.279785 -1.6180339887498636
0.280273 -1.9021130325903006
0.280762 -2.0000000000000000
0.281250 -1.9021130325903115
0.281738 -1.6180339887499178
0.282227 -1.1755705045849520
0.282715 -0.6180339887499252
0.283203 0.0000000000000000
0.283691 0.6180339887498711
0.284180 1.1755705045849061
0.284668 1.6180339887498845
0.285156 1.9021130325902940
0.285645 2.0000000000000000
0.286133 1.9021130325903182
0.286621 1.6180339887498971
0.287109 1.1755705045849694
0.287598 0.6180339887498917
0.288086 0.0000000000000216
0.288574 -0.6180339887499048
0.289062 -1.1755705045849345
0.289551 -1.6180339887498716
0.290039 -1.9021130325903048
0.290527 -2.0000000000000000
0.291016 -1.9021130325903073
0.291504 -1.6180339887499098
0.291992 -1.1755705045849409
0.292480 -0.6180339887499122
0.292969 0.0000000000000137
0.293457 0.6180339887498842
0.293945 1.1755705045849172
0.294434 1.6180339887498925
0.294922 1.9021130325902982
0.295410 2.0000000000000000
0.295898 1.9021130325903139
0.296387 1.6180339887498889
0.296875 1.1755705045849583
0.297363 0.6180339887498786
0.297852 0.0000000000000078
0.298340 -0.6180339887498637
0.298828 -1.1755705045849456
0.299316 -1.6180339887498798
0.299805 -1.9021130325903091
0.300293 -2.0000000000000000
0.300781 -1.9021130325903031
0.301270 -1.6180339887499016
0.301758 -1.1755705045849298
0.302246 -0.6180339887498991
0.302734 0.0000000000000274
0.303223 0.6180339887498972
0.303711 1.1755705045849283
0.304199 1.6180339887499005
0.304688 1.9021130325903024
0.305176 2.0000000000000000
0.305664 1.9021130325903097
0.306152 1.6180339887498809
0.306641 1.1755705045849472
0.307129 0.6180339887498656
0.307617 -0.0000000000000059
0.308105 -0.6180339887498768
0.308594 -1.1755705045849567
0.309082 -1.6180339887498878
0.309570 -1.9021130325903133
0.310059 -2.0000000000000000
0.310547 -1.9021130325902988
0.311035 -1.6180339887498936
0.311523 -1.1755705045849187
0.312012 -0.6180339887498861
0.312500 -0.0000000000000157
0.312988 0.6180339887499103
0.313477 1.1755705045849394
0.313965 1.6180339887499087
0.314453 1.9021130325903066
0.314941 2.0000000000000000
0.315430 1.9021130325903055
0.315918 1.6180339887498729
0.316406 1.1755705045849361
0.316895 0.6180339887499066
0.317383 -0.0000000000000196
0.317871 -0.6180339887498898
0.318359 -1.1755705045849678
0.318848 -1.6180339887498958
0.319336 -1.9021130325903175
0.319824 -2.0000000000000000
0.320312 -1.9021130325902946
0.320801 -1.6180339887498856
0.321289 -1.1755705045849076
0.321777 -0.6180339887498730
0.322266 -0.0000000000000020
0.322754 0.6180339887499233
0.323242 1.1755705045849505
0.323730 1.6180339887499167
0.324219 1.9021130325903108
0.324707 2.0000000000000000
0.325195 1.9021130325903013
0.325684 1.6180339887498647
0.326172 1.1755705045849250
0.326660 0.6180339887498936
0.327148 -0.0000000000000333
0.327637 -0.6180339887499029
0.328125 -1.1755705045849789
0.328613 -1.6180339887499040
0.329102 -1.9021130325903217
0.329590 -2.0000000000000000
0.330078 -1.9021130325902904
0.330566 -1.6180339887498774
0.331055 -1.1755705045849425
0.331543 -0.6180339887498599
0.332031 0.0000000000000118
0.332520 0.6180339887499364
0.333008 1.1755705045849616
0.333496 1.6180339887499247
0.333984 1.9021130325903151
0.334473 2.0000000000000000
0.334961 1.9021130325902971
0.335449 1.6180339887498567
0.335938 1.1755705045849598
0.336426 0.6180339887499345
0.336914 0.0000000000000098
0.337402 -0.6180339887498618
0.337891 -1.1755705045849441
0.338379 -1.6180339887498787
0.338867 -1.9021130325902909
0.339355 -2.0000000000000000
0.339844 -1.9021130325903213
0.340332 -1.6180339887499029
0.340820 -1.1755705045849774
0.341309 -0.6180339887499010
0.341797 -0.0000000000000314
0.342285 0.6180339887498955
0.342773 1.1755705045849265
0.343262 1.6180339887498660
0.343750 1.9021130325903017
0.344238 2.0000000000000000
0.344727 1.9021130325903104
0.345215 1.6180339887499156
0.345703 1.1755705045849487
0.346191 0.6180339887499215
0.346680 -0.0000000000000039
0.347168 -0.6180339887498749
0.347656 -1.1755705045849092
0.348145 -1.6180339887498867
0.348633 -1.9021130325902951
0.349121 -2.0000000000000000
0.349609 -1.9021130325903171
0.350098 -1.6180339887498947
0.350586 -1.1755705045849663
0.351074 -0.6180339887498879
0.351562 -0.0000000000000176
0.352051 0.6180339887499084
0.352539 1.1755705045849376
0.353027 1.6180339887498740
0.353516 1.9021130325903060
0.354004 2.0000000000000000
0.354492 1.9021130325903060
0.354980 1.6180339887499073
0.355469 1.1755705045849376
0.355957 0.6180339887499084
0.356445 -0.0000000000000176
0.356934 -0.6180339887498879
0.357422 -1.1755705045849203
0.357910 -1.6180339887498947
0.358398 -1.9021130325902993
0.358887 -2.0000000000000000
0.359375 -1.9021130325903126
0.359863 -1.6180339887498867
0.360352 -1.1755705045849552
0.360840 -0.6180339887498749
0.361328 -0.0000000000000039
0.361816 0.6180339887498675
0.362305 1.1755705045849487
0.362793 1.6180339887498820
0.363281 1.9021130325903104
0.363770 2.0000000000000000
0.364258 1.9021130325903017
0.364746 1.6180339887498993
0.365234 1.1755705045849265
0.365723 0.6180339887498953
0.366211 0.0000000000000255
0.366699 -0.6180339887499010
0.367188 -1.1755705045849314
0.367676 -1.6180339887499029
0.368164 -1.9021130325903037
0.368652 -2.0000000000000000
0.369141 -1.9021130325903084
0.369629 -1.6180339887498787
0.370117 -1.1755705045849441
0.370605 -0.6180339887498618
0.371094 0.0000000000000098
0.371582 0.6180339887498805
0.372070 1.1755705045849598
0.372559 1.6180339887498900
0.373047 1.9021130325903146
0.373535 2.0000000000000000
0.374023 1.9021130325902975
0.374512 1.6180339887498913
0.375000 1.1755705045849154
0.375488 0.6180339887498824
0.375977 0.0000000000000118
0.376465 -0.6180339887499141
0.376953 -1.1755705045849425
0.377441 -1.6180339887499109
0.377930 -1.9021130325903080
0.378418 -2.0000000000000000
0.378906 -1.9021130325903042
0.379395 -1.6180339887498705
0.379883 -1.1755705045849330
0.380371 -0.6180339887499029
0.380859 0.0000000000000235
0.381348 0.6180339887498936
0.381836 1.1755705045849709
0.382324 1.6180339887498982
0.382812 1.9021130325903188
0.383301 2.0000000000000000
0.383789 1.9021130325902933
0.384277 1.6180339887498831
0.384766 1.1755705045849043
0.385254 0.6180339887498693
0.385742 -0.0000000000000020
0.386230 -0.6180339887499271
0.386719 -1.1755705045849536
0.387207 -1.6180339887499189
0.387695 -1.9021130325903122
0.388184 -2.0000000000000000
0.388672 -1.9021130325903000
0.389160 -1.6180339887498625
0.389648 -1.1755705045849218
0.390137 -0.6180339887498898
0.390625 0.0000000000000372
0.391113 0.6180339887499066
0.391602 1.1755705045849820
0.392090 1.6180339887499062
0.392578 1.9021130325903230
0.393066 2.0000000000000000
0.393555 1.9021130325902891
0.394043 1.6180339887498751
0.394531 1.1755705045849392
0.395020 0.6180339887498563
0.395508 -0.0000000000000157
0.395996 -0.6180339887499402
0.396484 -1.1755705045849647
0.396973 -1.6180339887498603
0.397461 -1.9021130325902988
0.397949 -2.0000000000000000
0.398438 -1.9021130325903308
0.398926 -1.6180339887498878
0.399414 -1.1755705045849567
0.399902 -0.6180339887499309
0.400391 -0.0000000000000627
0.400879 0.6180339887499197
0.401367 1.1755705045849472
0.401855 1.6180339887498809
0.402344 1.9021130325902922
0.402832 2.0000000000000000
0.403320 1.9021130325903024
0.403809 1.6180339887499005
0.404297 1.1755705045849743
0.404785 0.6180339887499513
0.405273 -0.0000000000000294
0.405762 -0.6180339887498991
0.406250 -1.1755705045849298
0.406738 -1.6180339887498683
0.407227 -1.9021130325902855
0.407715 -2.0000000000000000
0.408203 -1.9021130325903091
0.408691 -1.6180339887499131
0.409180 -1.1755705045849916
0.409668 -0.6180339887498637
0.410156 0.0000000000000078
0.410645 0.6180339887498786
0.411133 1.1755705045849123
0.411621 1.6180339887498556
0.412109 1.9021130325903139
0.412598 2.0000000000000000
0.413086 1.9021130325903157
0.413574 1.6180339887499258
0.414062 1.1755705045849170
0.414551 0.6180339887498842
0.415039 0.0000000000000137
0.415527 -0.6180339887498582
0.416016 -1.1755705045848950
0.416504 -1.6180339887499098
0.416992 -1.9021130325903073
0.417480 -2.0000000000000000
0.417969 -1.9021130325903224
0.418457 -1.6180339887498716
0.418945 -1.1755705045849345
0.419434 -0.6180339887499047
0.419922 -0.0000000000000353
0.420410 0.6180339887498376
0.420898 1.1755705045849694
0.421387 1.6180339887498971
0.421875 1.9021130325903006
0.422363 2.0000000000000000
0.422852 1.9021130325902940
0.423340 1.6180339887498845
0.423828 1.1755705045849520
0.424316 0.6180339887499252
0.424805 -0.0000000000000569
0.425293 -0.6180339887499252
0.425781 -1.1755705045849520
0.426270 -1.6180339887498845
0.426758 -1.9021130325902940
0.427246 -2.0000000000000000
0.427734 -1.9021130325903006
0.428223 -1.6180339887498971
0.428711 -1.1755705045849694
0.429199 -0.6180339887498376
0.429688 0.0000000000000353
0.430176 0.6180339887499048
0.430664 1.1755705045849345
0.431152 1.6180339887498716
0.431641 1.9021130325903224
0.432129 2.0000000000000000
0.432617 1.9021130325903073
0.433105 1.6180339887499098
0.433594 1.1755705045848950
0.434082 0.6180339887498582
0.434570 -0.0000000000000137
0.435059 -0.6180339887498842
0.435547 -1.1755705045849172
0.436035 -1.6180339887499258
0.436523 -1.9021130325903157
0.437012 -2.0000000000000000
0.437500 -1.9021130325903139
0.437988 -1.6180339887498556
0.438477 -1.1755705045849123
0.438965 -0.6180339887498786
0.439453 -0.0000000000000078
0.439941 0.6180339887498637
0.440430 1.1755705045849916
0.440918 1.6180339887499131
0.441406 1.9021130325903091
0.441895 2.0000000000000000
0.442383 1.9021130325902855
0.442871 1.6180339887498683
0.443359 1.1755705045849298
0.443848 0.6180339887498991
0.444336 0.0000000000000294
0.444824 -0.6180339887499513
0.445312 -1.1755705045849743
0.445801 -1.6180339887499005
0.446289 -1.9021130325903024
0.446777 -2.0000000000000000
0.447266 -1.9021130325902922
0.447754 -1.6180339887498809
0.448242 -1.1755705045849472
0.448730 -0.6180339887499197
0.449219 0.0000000000000627
0.449707 0.6180339887499309
0.450195 1.1755705045849567
0.450684 1.6180339887498878
0.451172 1.9021130325903308
0.451660 2.0000000000000000
0.452148 1.9021130325902988
0.452637 1.6180339887498936
0.453125 1.1755705045849647
0.453613 0.6180339887498321
0.454102 -0.0000000000000412
0.454590 -0.6180339887499103
0.455078 -1.1755705045849394
0.455566 -1.6180339887499420
0.456055 -1.9021130325903242
0.456543 -2.0000000000000000
0.457031 -1.9021130325903055
0.457520 -1.6180339887498394
0.458008 -1.1755705045849820
0.458496 -0.6180339887499606
0.458984 0.0000000000000196
0.459473 0.6180339887498898
0.459961 1.1755705045849218
0.460449 1.6180339887498625
0.460938 1.9021130325902824
0.461426 2.0000000000000000
0.461914 1.9021130325903122
0.462402 1.6180339887499189
0.462891 1.1755705045849996
0.463379 0.6180339887498730
0.463867 0.0000000000000020
0.464355 -0.6180339887498694
0.464844 -1.1755705045849043
0.465332 -1.6180339887498498
0.465820 -1.9021130325903108
0.466309 -2.0000000000000000
0.466797 -1.9021130325903188
0.467285 -1.6180339887499315
0.467773 -1.1755705045849250
0.468262 -0.6180339887498936
0.468750 -0.0000000000000235
0.469238 0.6180339887498488
0.469727 1.1755705045848870
0.470215 1.6180339887499040
0.470703 1.9021130325903042
0.471191 2.0000000000000000
0.471680 1.9021130325903255
0.472168 1.6180339887498774
0.472656 1.1755705045849425
0.473145 0.6180339887499140
0.473633 0.0000000000000451
0.474121 -0.6180339887499364
0.474609 -1.1755705045849616
0.475098 -1.6180339887498913
0.475586 -1.9021130325902975
0.476074 -2.0000000000000000
0.476562 -1.9021130325902971
0.477051 -1.6180339887498900
0.477539 -1.1755705045849598
0.478027 -0.6180339887499345
0.478516 0.0000000000000471
0.479004 0.6180339887499159
0.479492 1.1755705045849441
0.479980 1.6180339887498787
0.480469 1.9021130325902909
0.480957 2.0000000000000000
0.481445 1.9021130325903037
0.481934 1.6180339887499029
0.482422 1.1755705045849774
0.482910 0.6180339887498469
0.483398 -0.0000000000000255
0.483887 -0.6180339887498955
0.484375 -1.1755705045849265
0.484863 -1.6180339887498660
0.485352 -1.9021130325903193
0.485840 -2.0000000000000000
0.486328 -1.9021130325903104
0.486816 -1.6180339887499156
0.487305 -1.1755705045849028
0.487793 -0.6180339887498675
0.488281 0.0000000000000039
0.488770 0.6180339887498749
0.489258 1.1755705045849092
0.489746 1.6180339887498532
0.490234 1.9021130325903126
0.490723 2.0000000000000000
0.491211 1.9021130325903171
0.491699 1.6180339887499282
0.492188 1.1755705045849203
0.492676 0.6180339887499960
0.493164 0.0000000000000176
0.493652 -0.6180339887498544
0.494141 -1.1755705045849838
0.494629 -1.6180339887498405
0.495117 -1.9021130325903060
0.495605 -2.0000000000000000
0.496094 -1.9021130325902884
0.496582 -1.6180339887499409
0.497070 -1.1755705045849376
0.497559 -0.6180339887499084
0.498047 -0.0000000000000392
0.498535 0.6180339887498340
0.499023 1.1755705045849663
0.499512 1.6180339887498947
0.500000 1.9021130325902993
0.500488 2.0000000000000000
0.500977 1.9021130325902951
0.501465 1.6180339887499535
0.501953 1.1755705045849552
0.502441 0.6180339887499290
0.502930 -0.0000000000000529
0.503418 -0.6180339887498134
0.503906 -1.1755705045849487
0.504395 -1.6180339887498820
0.504883 -1.9021130325903279
0.505371 -2.0000000000000000
0.505859 -1.9021130325903017
0.506348 -1.6180339887498993
0.506836 -1.1755705045848805
0.507324 -0.6180339887499494
0.507812 0.0000000000000314
0.508301 0.6180339887499010
0.508789 1.1755705045849314
0.509277 1.6180339887498694
0.509766 1.9021130325903213
0.510254 2.0000000000000000
0.510742 1.9021130325903084
0.511230 1.6180339887499120
0.511719 1.1755705045848981
0.512207 0.6180339887499700
0.512695 -0.0000000000000098
0.513184 -0.6180339887498805
0.513672 -1.1755705045850058
0.514160 -1.6180339887498567
0.514648 -1.9021130325903146
0.515137 -2.0000000000000000
0.515625 -1.9021130325902800
0.516113 -1.6180339887499247
0.516602 -1.1755705045849154
0.517090 -0.6180339887498824
0.517578 -0.0000000000000118
0.518066 0.6180339887498600
0.518555 1.1755705045849885
0.519043 1.6180339887498441
0.519531 1.9021130325903080
0.520020 2.0000000000000000
0.520508 1.9021130325902866
0.520996 1.6180339887499373
0.521484 1.1755705045849330
0.521973 0.6180339887499029
0.522461 -0.0000000000000804
0.522949 -0.6180339887498395
0.523438 -1.1755705045849709
0.523926 -1.6180339887498982
0.524414 -1.9021130325903364
0.524902 -2.0000000000000000
0.525391 -1.9021130325902933
0.525879 -1.6180339887498831
0.526367 -1.1755705045849503
0.526855 -0.6180339887499233
0.527344 0.0000000000000588
0.527832 0.6180339887499271
0.528320 1.1755705045849536
0.528809 1.6180339887498856
0.529297 1.9021130325903297
0.529785 2.0000000000000000
0.530273 1.9021130325903000
0.530762 1.6180339887498958
0.531250 1.1755705045848759
0.531738 0.6180339887499439
0.532227 -0.0000000000000373
0.532715 -0.6180339887499066
0.533203 -1.1755705045850280
0.533691 -1.6180339887498729
0.534180 -1.9021130325903230
0.534668 -2.0000000000000000
0.535156 -1.9021130325903066
0.535645 -1.6180339887499084
0.536133 -1.1755705045848932
0.536621 -0.6180339887498563
0.537109 0.0000000000000157
0.537598 0.6180339887498861
0.538086 1.1755705045850107
0.538574 1.6180339887498603
0.539062 1.9021130325903164
0.539551 2.0000000000000000
0.540039 1.9021130325902782
0.540527 1.6180339887499213
0.541016 1.1755705045849107
0.541504 0.6180339887498768
0.541992 -0.0000000000001078
0.542480 -0.6180339887498656
0.542969 -1.1755705045849931
0.543457 -1.6180339887499142
0.543945 -1.9021130325903448
0.544434 -2.0000000000000000
0.544922 -1.9021130325902849
0.545410 -1.6180339887498671
0.545898 -1.1755705045849281
0.546387 -0.6180339887498972
0.546875 0.0000000000000863
0.547363 0.6180339887498451
0.547852 1.1755705045849758
0.548340 1.6180339887499016
0.548828 1.9021130325903381
0.549316 2.0000000000000000
0.549805 1.9021130325903266
0.550293 1.6180339887498798
0.550781 1.1755705045850375
0.551270 0.6180339887499178
0.551758 0.0000000000000490
0.552246 -0.6180339887499327
0.552734 -1.1755705045848663
0.553223 -1.6180339887498889
0.553711 -1.9021130325902964
0.554199 -2.0000000000000000
0.554688 -1.9021130325903333
0.555176 -1.6180339887498925
0.555664 -1.1755705045849631
0.556152 -0.6180339887498302
0.556641 -0.0000000000000706
0.557129 0.6180339887499122
0.557617 1.1755705045849409
0.558105 1.6180339887498763
0.558594 1.9021130325902897
0.559082 2.0000000000000000
0.559570 1.9021130325903399
0.560059 1.6180339887499051
0.560547 1.1755705045849805
0.561035 0.6180339887498506
0.561523 0.0000000000000921
0.562012 -0.6180339887498917
0.562500 -1.1755705045849234
0.562988 -1.6180339887499304
0.563477 -1.9021130325902831
0.563965 -2.0000000000000000
0.564453 -1.9021130325903115
0.564941 -1.6180339887498509
0.565430 -1.1755705045849980
0.565918 -0.6180339887498711
0.566406 0.0000000000000000
0.566895 0.6180339887498711
0.567383 1.1755705045849061
0.567871 1.6180339887499178
0.568359 1.9021130325902764
0.568848 2.0000000000000000
0.569336 1.9021130325903182
0.569824 1.6180339887498636
0.570312 1.1755705045850153
0.570801 0.6180339887498917
0.571289 0.0000000000000216
0.571777 -0.6180339887499589
0.572266 -1.1755705045848885
0.572754 -1.6180339887499051
0.573242 -1.9021130325903048
0.573730 -2.0000000000000000
0.574219 -1.9021130325903248
0.574707 -1.6180339887498763
0.575195 -1.1755705045849409
0.575684 -0.6180339887499122
0.576172 -0.0000000000000431
0.576660 0.6180339887499383
0.577148 1.1755705045849631
0.577637 1.6180339887498925
0.578125 1.9021130325902982
0.578613 2.0000000000000000
0.579102 1.9021130325903315
0.579590 1.6180339887498889
0.580078 1.1755705045849583
0.580566 0.6180339887498245
0.581055 0.0000000000000647
0.581543 -0.6180339887499178
0.582031 -1.1755705045849456
0.582520 -1.6180339887499466
0.583008 -1.9021130325902915
0.583496 -2.0000000000000000
0.583984 -1.9021130325903031
0.584473 -1.6180339887499016
0.584961 -1.1755705045849758
0.585449 -0.6180339887498451
0.585938 0.0000000000000275
0.586426 0.6180339887498972
0.586914 1.1755705045849283
0.587402 1.6180339887499340
0.587891 1.9021130325902849
0.588379 2.0000000000000000
0.588867 1.9021130325903097
0.589355 1.6180339887498474
0.589844 1.1755705045849931
0.590332 0.6180339887498656
0.590820 -0.0000000000000059
0.591309 -0.6180339887499849
0.591797 -1.1755705045849107
0.592285 -1.6180339887499213
0.592773 -1.9021130325903133
0.593262 -2.0000000000000000
0.593750 -1.9021130325903164
0.594238 -1.6180339887498603
0.594727 -1.1755705045849187
0.595215 -0.6180339887498861
0.595703 -0.0000000000000157
0.596191 0.6180339887499644
0.596680 1.1755705045848932
0.597168 1.6180339887499087
0.597656 1.9021130325903066
0.598145 2.0000000000000000
0.598633 1.9021130325903230
0.599121 1.6180339887498729
0.599609 1.1755705045849361
0.600098 0.6180339887497984
0.600586 0.0000000000000372
0.601074 -0.6180339887499439
0.601562 -1.1755705045849678
0.602051 -1.6180339887499626
0.602539 -1.9021130325903000
0.603027 -2.0000000000000000
0.603516 -1.9021130325902946
0.604004 -1.6180339887498856
0.604492 -1.1755705045849536
0.604980 -0.6180339887498190
0.605469 0.0000000000000549
0.605957 0.6180339887499234
0.606445 1.1755705045849505
0.606934 1.6180339887499500
0.607422 1.9021130325902933
0.607910 2.0000000000000000
0.608398 1.9021130325903013
0.608887 1.6180339887498314
0.609375 1.1755705045849709
0.609863 0.6180339887498395
0.610352 -0.0000000000000333
0.610840 -0.6180339887497948
0.611328 -1.1755705045849330
0.611816 -1.6180339887498705
0.612305 -1.9021130325903217
0.612793 -2.0000000000000000
0.613281 -1.9021130325903080
0.613770 -1.6180339887499109
0.614258 -1.1755705045848965
0.614746 -0.6180339887499681
0.615234 0.0000000000000118
0.615723 0.6180339887498824
0.616211 1.1755705045849154
0.616699 1.6180339887498578
0.617188 1.9021130325903151
0.617676 2.0000000000000000
0.618164 1.9021130325903146
0.618652 1.6180339887499235
0.619141 1.1755705045849139
0.619629 0.6180339887499886
0.620117 0.0000000000000098
0.620605 -0.6180339887498618
0.621094 -1.1755705045849900
0.621582 -1.6180339887498452
0.622070 -1.9021130325903084
0.622559 -2.0000000000000000
0.623047 -1.9021130325902860
0.623535 -1.6180339887499362
0.624023 -1.1755705045849314
0.624512 -0.6180339887499010
0.625000 -0.0000000000000314
0.625488 0.6180339887498414
0.625977 1.1755705045849727
0.626465 1.6180339887498993
0.626953 1.9021130325903017
0.627441 2.0000000000000000
0.627930 1.9021130325902926
0.628418 1.6180339887499489
0.628906 1.1755705045849487
0.629395 0.6180339887499215
0.629883 -0.0000000000000608
0.630371 -0.6180339887498209
0.630859 -1.1755705045849552
0.631348 -1.6180339887498867
0.631836 -1.9021130325903304
0.632324 -2.0000000000000000
0.632812 -1.9021130325902993
0.633301 -1.6180339887498947
0.633789 -1.1755705045849663
0.634277 -0.6180339887499420
0.634766 0.0000000000000392
0.635254 0.6180339887499084
0.635742 1.1755705045849376
0.636230 1.6180339887498740
0.636719 1.9021130325903237
0.637207 2.0000000000000000
0.637695 1.9021130325903060
0.638184 1.6180339887499073
0.638672 1.1755705045848917
0.639160 0.6180339887499625
0.639648 -0.0000000000000177
0.640137 -0.6180339887498879
0.640625 -1.1755705045850122
0.641113 -1.6180339887498614
0.641602 -1.9021130325903171
0.642090 -2.0000000000000000
0.642578 -1.9021130325902775
0.643066 -1.6180339887499200
0.643555 -1.1755705045849092
0.644043 -0.6180339887498749
0.644531 -0.0000000000000039
0.645020 0.6180339887498675
0.645508 1.1755705045849949
0.645996 1.6180339887498487
0.646484 1.9021130325903104
0.646973 2.0000000000000000
0.647461 1.9021130325902842
0.647949 1.6180339887499327
0.648438 1.1755705045849265
0.648926 0.6180339887498953
0.649414 -0.0000000000000882
0.649902 -0.6180339887498469
0.650391 -1.1755705045849774
0.650879 -1.6180339887499029
0.651367 -1.9021130325903388
0.651855 -2.0000000000000000
0.652344 -1.9021130325902909
0.652832 -1.6180339887498787
0.653320 -1.1755705045849441
0.653809 -0.6180339887499159
0.654297 0.0000000000000667
0.654785 0.6180339887499345
0.655273 1.1755705045849598
0.655762 1.6180339887498902
0.656250 1.9021130325903322
0.656738 2.0000000000000000
0.657227 1.9021130325902975
0.657715 1.6180339887498913
0.658203 1.1755705045848694
0.658691 0.6180339887499364
0.659180 -0.0000000000000451
0.659668 -0.6180339887499141
0.660156 -1.1755705045850344
0.660645 -1.6180339887498774
0.661133 -1.9021130325903255
0.661621 -2.0000000000000000
0.662109 -1.9021130325903042
0.662598 -1.6180339887499040
0.663086 -1.1755705045848870
0.663574 -0.6180339887498488
0.664062 0.0000000000000235
0.664551 0.6180339887498936
0.665039 1.1755705045850169
0.665527 1.6180339887498647
0.666016 1.9021130325903188
0.666504 2.0000000000000000
0.666992 1.9021130325902758
0.667480 1.6180339887499167
0.667969 1.1755705045849043
0.668457 0.6180339887498693
0.668945 -0.0000000000001157
0.669434 -0.6180339887498730
0.669922 -1.1755705045849996
0.670410 -1.6180339887499189
0.670898 -1.9021130325903473
0.671387 -2.0000000000000000
0.671875 -1.9021130325903175
0.672363 -1.6180339887498625
0.672852 -1.1755705045850138
0.673340 -0.6180339887498898
0.673828 -0.0000000000000196
0.674316 0.6180339887498525
0.674805 1.1755705045848901
0.675293 1.6180339887499062
0.675781 1.9021130325903055
0.676270 2.0000000000000000
0.676758 1.9021130325903242
0.677246 1.6180339887498751
0.677734 1.1755705045850313
0.678223 0.6180339887499103
0.678711 0.0000000000000412
0.679199 -0.6180339887499402
0.679688 -1.1755705045848728
0.680176 -1.6180339887498936
0.680664 -1.9021130325902988
0.681152 -2.0000000000000000
0.681641 -1.9021130325903308
0.682129 -1.6180339887498878
0.682617 -1.1755705045849567
0.683105 -0.6180339887499308
0.683594 -0.0000000000000627
0.684082 0.6180339887499197
0.684570 1.1755705045849472
0.685059 1.6180339887498809
0.685547 1.9021130325902922
0.686035 2.0000000000000000
0.686523 1.9021130325903375
0.687012 1.6180339887499005
0.687500 1.1755705045849743
0.687988 0.6180339887498432
0.688477 0.0000000000000843
0.688965 -0.6180339887498991
0.689453 -1.1755705045849298
0.689941 -1.6180339887499351
0.690430 -1.9021130325902855
0.690918 -2.0000000000000000
0.691406 -1.9021130325903091
0.691895 -1.6180339887498463
0.692383 -1.1755705045849916
0.692871 -0.6180339887498637
0.693359 0.0000000000000079
0.693848 0.6180339887498787
0.694336 1.1755705045849123
0.694824 1.6180339887499224
0.695312 1.9021130325902789
0.695801 2.0000000000000000
0.696289 1.9021130325903157
0.696777 1.6180339887498589
0.697266 1.1755705045850091
0.697754 0.6180339887498842
0.698242 0.0000000000000137
0.698730 -0.6180339887499663
0.699219 -1.1755705045848950
0.699707 -1.6180339887499098
0.700195 -1.9021130325903073
0.700684 -2.0000000000000000
0.701172 -1.9021130325903224
0.701660 -1.6180339887498716
0.702148 -1.1755705045849345
0.702637 -0.6180339887499047
0.703125 -0.0000000000000353
0.703613 0.6180339887499458
0.704102 1.1755705045849694
0.704590 1.6180339887498971
0.705078 1.9021130325903006
0.705566 2.0000000000000000
0.706055 1.9021130325903290
0.706543 1.6180339887498845
0.707031 1.1755705045849520
0.707520 0.6180339887498171
0.708008 0.0000000000000568
0.708496 -0.6180339887499252
0.708984 -1.1755705045849520
0.709473 -1.6180339887499513
0.709961 -1.9021130325902940
0.710449 -2.0000000000000000
0.710938 -1.9021130325903006
0.711426 -1.6180339887498971
0.711914 -1.1755705045849694
0.712402 -0.6180339887498376
0.712891 0.0000000000000353
0.713379 0.6180339887499048
0.713867 1.1755705045849345
0.714355 1.6180339887499384
0.714844 1.9021130325902873
0.715332 2.0000000000000000
0.715820 1.9021130325903073
0.716309 1.6180339887498429
0.716797 1.1755705045849869
0.717285 0.6180339887498582
0.717773 -0.0000000000000137
0.718262 -0.6180339887499924
0.718750 -1.1755705045849172
0.719238 -1.6180339887499258
0.719727 -1.9021130325903157
0.720215 -2.0000000000000000
0.720703 -1.9021130325903139
0.721191 -1.6180339887498556
0.721680 -1.1755705045849123
0.722168 -0.6180339887498786
0.722656 -0.0000000000000078
0.723145 0.6180339887499718
0.723633 1.1755705045848996
0.724121 1.6180339887499131
0.724609 1.9021130325903091
0.725098 2.0000000000000000
0.725586 1.9021130325903206
0.726074 1.6180339887498683
0.726562 1.1755705045849298
0.727051 0.6180339887497910
0.727539 0.0000000000000294
0.728027 -0.6180339887499513
0.728516 -1.1755705045849743
0.729004 -1.6180339887499673
0.729492 -1.9021130325903024
0.729980 -2.0000000000000000
0.730469 -1.9021130325902922
0.730957 -1.6180339887498809
0.731445 -1.1755705045849472
0.731934 -0.6180339887498115
0.732422 -0.0000000000000510
0.732910 0.6180339887498227
0.733398 1.1755705045849567
0.733887 1.6180339887498878
0.734375 1.9021130325902957
0.734863 2.0000000000000000
0.735352 1.9021130325902988
0.735840 1.6180339887499604
0.736328 1.1755705045849647
0.736816 0.6180339887499401
0.737305 -0.0000000000000412
0.737793 -0.6180339887498022
0.738281 -1.1755705045849394
0.738770 -1.6180339887498751
0.739258 -1.9021130325903242
0.739746 -2.0000000000000000
0.740234 -1.9021130325903055
0.740723 -1.6180339887499062
0.741211 -1.1755705045848901
0.741699 -0.6180339887499606
0.742188 0.0000000000000196
0.742676 0.6180339887498898
0.743164 1.1755705045849218
0.743652 1.6180339887498625
0.744141 1.9021130325903175
0.744629 2.0000000000000000
0.745117 1.9021130325903122
0.745605 1.6180339887499189
0.746094 1.1755705045849076
0.746582 0.6180339887499812
0.747070 0.0000000000000019
0.747559 -0.6180339887498694
0.748047 -1.1755705045849965
0.748535 -1.6180339887498498
0.749023 -1.9021130325903108
0.749512 -2.0000000000000000
0.750000 -1.9021130325902837
0.750488 -1.6180339887499315
0.750977 -1.1755705045849250
0.751465 -0.6180339887498936
0.751953 -0.0000000000000235
0.752441 0.6180339887498488
0.752930 1.1755705045849789
0.753418 1.6180339887499040
0.753906 1.9021130325903042
0.754395 2.0000000000000000
0.754883 1.9021130325902904
0.755371 1.6180339887499442
0.755859 1.1755705045849425
0.756348 0.6180339887499140
0.756836 -0.0000000000000686
0.757324 -0.6180339887498283
0.757812 -1.1755705045849616
0.758301 -1.6180339887498913
0.758789 -1.9021130325903328
0.759277 -2.0000000000000000
0.759766 -1.9021130325902971
0.760254 -1.6180339887498900
0.760742 -1.1755705045849598
0.761230 -0.6180339887499345
0.761719 0.0000000000000471
0.762207 0.6180339887499159
0.762695 1.1755705045849441
0.763184 1.6180339887498787
0.763672 1.9021130325903259
0.764160 2.0000000000000000
0.764648 1.9021130325903037
0.765137 1.6180339887499029
0.765625 1.1755705045848854
0.766113 0.6180339887499551
0.766602 -0.0000000000000255
0.767090 -0.6180339887498955
0.767578 -1.1755705045850187
0.768066 -1.6180339887498660
0.768555 -1.9021130325903193
0.769043 -2.0000000000000000
0.769531 -1.9021130325902751
0.770020 -1.6180339887499156
0.770508 -1.1755705045849028
0.770996 -0.6180339887498675
0.771484 0.0000000000000039
0.771973 0.6180339887498749
0.772461 1.1755705045850011
0.772949 1.6180339887498532
0.773438 1.9021130325903126
0.773926 2.0000000000000000
0.774414 1.9021130325902817
0.774902 1.6180339887499282
0.775391 1.1755705045849203
0.775879 0.6180339887498879
0.776367 -0.0000000000000961
0.776855 -0.6180339887498544
0.777344 -1.1755705045849838
0.777832 -1.6180339887499073
0.778320 -1.9021130325903413
0.778809 -2.0000000000000000
0.779297 -1.9021130325902884
0.779785 -1.6180339887498740
0.780273 -1.1755705045849376
0.780762 -0.6180339887499084
0.781250 0.0000000000000745
0.781738 0.6180339887499420
0.782227 1.1755705045849663
0.782715 1.6180339887498947
0.783203 1.9021130325903346
0.783691 2.0000000000000000
0.784180 1.9021130325902951
0.784668 1.6180339887498867
0.785156 1.1755705045848632
0.785645 0.6180339887499290
0.786133 -0.0000000000000529
0.786621 -0.6180339887499215
0.787109 -1.1755705045850409
0.787598 -1.6180339887498820
0.788086 -1.9021130325903279
0.788574 -2.0000000000000000
0.789062 -1.9021130325903017
0.789551 -1.6180339887498993
0.790039 -1.1755705045848805
0.790527 -0.6180339887498413
0.791016 0.0000000000000314
0.791504 0.6180339887499010
0.791992 1.1755705045850233
0.792480 1.6180339887498694
0.792969 1.9021130325903213
0.793457 2.0000000000000000
0.793945 1.9021130325903437
0.794434 1.6180339887499120
0.794922 1.1755705045849900
0.795410 0.6180339887498618
0.795898 0.0000000000001039
0.796387 -0.6180339887499886
0.796875 -1.1755705045848219
0.797363 -1.6180339887499235
0.797852 -1.9021130325903146
0.798340 -2.0000000000000000
0.798828 -1.9021130325903151
0.799316 -1.6180339887499247
0.799805 -1.1755705045850076
0.800293 -0.6180339887497742
0.800781 -0.0000000000001254
0.801270 0.6180339887499682
0.801758 1.1755705045849885
0.802246 1.6180339887499109
0.802734 1.9021130325903080
0.803223 2.0000000000000000
0.803711 1.9021130325903217
0.804199 1.6180339887499373
0.804688 1.1755705045850249
0.805176 0.6180339887497948
0.805664 0.0000000000001470
0.806152 -0.6180339887499476
0.806641 -1.1755705045849709
0.807129 -1.6180339887498982
0.807617 -1.9021130325903013
0.808105 -2.0000000000000000
0.808594 -1.9021130325903284
0.809082 -1.6180339887498163
0.809570 -1.1755705045850424
0.810059 -0.6180339887498152
0.810547 0.0000000000000588
0.811035 0.6180339887499271
0.811523 1.1755705045849536
0.812012 1.6180339887498856
0.812500 1.9021130325902946
0.812988 2.0000000000000000
0.813477 1.9021130325903350
0.813965 1.6180339887498290
0.814453 1.1755705045850597
0.814941 0.6180339887498357
0.815430 -0.0000000000000373
0.815918 -0.6180339887499066
0.816406 -1.1755705045849361
0.816895 -1.6180339887498729
0.817383 -1.9021130325902880
0.817871 -2.0000000000000000
0.818359 -1.9021130325903417
0.818848 -1.6180339887498418
0.819336 -1.1755705045848932
0.819824 -0.6180339887498563
0.820312 0.0000000000000157
0.820801 0.6180339887498861
0.821289 1.1755705045849187
0.821777 1.6180339887498603
0.822266 1.9021130325902813
0.822754 2.0000000000000000
0.823242 1.9021130325903484
0.823730 1.6180339887498545
0.824219 1.1755705045849107
0.824707 0.6180339887498768
0.825195 0.0000000000000059
0.825684 -0.6180339887498656
0.826172 -1.1755705045849012
0.826660 -1.6180339887499811
0.827148 -1.9021130325902746
0.827637 -2.0000000000000000
0.828125 -1.9021130325902849
0.828613 -1.6180339887498671
0.829102 -1.1755705045849281
0.829590 -0.6180339887498972
0.830078 -0.0000000000000274
0.830566 0.6180339887498451
0.831055 1.1755705045848839
0.831543 1.6180339887499684
0.832031 1.9021130325902680
0.832520 2.0000000000000000
0.833008 1.9021130325902915
0.833496 1.6180339887498798
0.833984 1.1755705045849456
0.834473 0.6180339887499178
0.834961 0.0000000000000490
0.835449 -0.6180339887500408
0.835938 -1.1755705045848663
0.836426 -1.6180339887499557
0.836914 -1.9021130325903315
0.837402 -2.0000000000000000
0.837891 -1.9021130325902982
0.838379 -1.6180339887498925
0.838867 -1.1755705045849631
0.839355 -0.6180339887499383
0.839844 -0.0000000000000705
0.840332 0.6180339887500204
0.840820 1.1755705045848488
0.841309 1.6180339887499431
0.841797 1.9021130325903248
0.842285 2.0000000000000000
0.842773 1.9021130325903048
0.843262 1.6180339887499051
0.843750 1.1755705045849805
0.844238 0.6180339887497426
0.844727 0.0000000000000921
0.845215 -0.6180339887499998
0.845703 -1.1755705045850153
0.846191 -1.6180339887499304
0.846680 -1.9021130325903182
0.847168 -2.0000000000000000
0.847656 -1.9021130325903115
0.848145 -1.6180339887499178
0.848633 -1.1755705045849980
0.849121 -0.6180339887497630
0.849609 0.0000000000001137
0.850098 0.6180339887499793
0.850586 1.1755705045849980
0.851074 1.6180339887499178
0.851562 1.9021130325903115
0.852051 2.0000000000000000
0.852539 1.9021130325903182
0.853027 1.6180339887497968
0.853516 1.1755705045850153
0.854004 0.6180339887497835
0.854492 -0.0000000000000921
0.854980 -0.6180339887497426
0.855469 -1.1755705045849805
0.855957 -1.6180339887499051
0.856445 -1.9021130325903048
0.856934 -2.0000000000000000
0.857422 -1.9021130325903248
0.857910 -1.6180339887499431
0.858398 -1.1755705045848488
0.858887 -0.6180339887500202
0.859375 0.0000000000000706
0.859863 0.6180339887499383
0.860352 1.1755705045849631
0.860840 1.6180339887498925
0.861328 1.9021130325902982
0.861816 2.0000000000000000
0.862305 1.9021130325903315
0.862793 1.6180339887499557
0.863281 1.1755705045848663
0.863770 0.6180339887500408
0.864258 -0.0000000000000490
0.864746 -0.6180339887499178
0.865234 -1.1755705045849456
0.865723 -1.6180339887498798
0.866211 -1.9021130325902915
0.866699 -2.0000000000000000
0.867188 -1.9021130325902680
0.867676 -1.6180339887499684
0.868164 -1.1755705045848837
0.868652 -0.6180339887498451
0.869141 0.0000000000000275
0.869629 0.6180339887498972
0.870117 1.1755705045849283
0.870605 1.6180339887498671
0.871094 1.9021130325902849
0.871582 2.0000000000000000
0.872070 1.9021130325902746
0.872559 1.6180339887499811
0.873047 1.1755705045849012
0.873535 0.6180339887498656
0.874023 -0.0000000000000059
0.874512 -0.6180339887498768
0.875000 -1.1755705045849107
0.875488 -1.6180339887498545
0.875977 -1.9021130325903484
0.876465 -2.0000000000000000
0.876953 -1.9021130325902813
0.877441 -1.6180339887498603
0.877930 -1.1755705045849187
0.878418 -0.6180339887498860
0.878906 -0.0000000000000157
0.879395 0.6180339887498563
0.879883 1.1755705045848932
0.880371 1.6180339887498418
0.880859 1.9021130325903417
0.881348 2.0000000000000000
0.881836 1.9021130325902880
0.882324 1.6180339887498729
0.882812 1.1755705045849361
0.883301 0.6180339887499066
0.883789 0.0000000000000372
0.884277 -0.6180339887498357
0.884766 -1.1755705045850597
0.885254 -1.6180339887498292
0.885742 -1.9021130325903350
0.886230 -2.0000000000000000
0.886719 -1.9021130325902946
0.887207 -1.6180339887498856
0.887695 -1.1755705045849536
0.888184 -0.6180339887499271
0.888672 -0.0000000000000588
0.889160 0.6180339887498153
0.889648 1.1755705045850424
0.890137 1.6180339887498163
0.890625 1.9021130325903284
0.891113 2.0000000000000000
0.891602 1.9021130325903013
0.892090 1.6180339887498982
0.892578 1.1755705045849709
0.893066 0.6180339887499476
0.893555 -0.0000000000001470
0.894043 -0.6180339887497948
0.894531 -1.1755705045850249
0.895020 -1.6180339887499373
0.895508 -1.9021130325903217
0.895996 -2.0000000000000000
0.896484 -1.9021130325903080
0.896973 -1.6180339887499109
0.897461 -1.1755705045849885
0.897949 -0.6180339887499681
0.898438 0.0000000000001255
0.898926 0.6180339887499905
0.899414 1.1755705045850076
0.899902 1.6180339887499247
0.900391 1.9021130325903151
0.900879 2.0000000000000000
0.901367 1.9021130325903146
0.901855 1.6180339887499235
0.902344 1.1755705045848219
0.902832 0.6180339887499886
0.903320 -0.0000000000001039
0.903809 -0.6180339887499700
0.904297 -1.1755705045849900
0.904785 -1.6180339887499120
0.905273 -1.9021130325903084
0.905762 -2.0000000000000000
0.906250 -1.9021130325903213
0.906738 -1.6180339887499362
0.907227 -1.1755705045848395
0.907715 -0.6180339887497929
0.908203 0.0000000000000823
0.908691 0.6180339887499495
0.909180 1.1755705045849727
0.909668 1.6180339887498993
0.910156 1.9021130325903017
0.910645 2.0000000000000000
0.911133 1.9021130325902575
0.911621 1.6180339887499489
0.912109 1.1755705045848568
0.912598 0.6180339887498134
0.913086 -0.0000000000000608
0.913574 -0.6180339887499290
0.914062 -1.1755705045849552
0.914551 -1.6180339887498867
0.915039 -1.9021130325903655
0.915527 -2.0000000000000000
0.916016 -1.9021130325903346
0.916504 -1.6180339887498278
0.916992 -1.1755705045850582
0.917480 -0.6180339887498338
0.917969 0.0000000000000392
0.918457 0.6180339887499084
0.918945 1.1755705045849376
0.919434 1.6180339887498740
0.919922 1.9021130325902884
0.920410 2.0000000000000000
0.920898 1.9021130325903413
0.921387 1.6180339887498405
0.921875 1.1755705045850757
0.922363 0.6180339887498544
0.922852 -0.0000000000000177
0.923340 -0.6180339887498880
0.923828 -1.1755705045849203
0.924316 -1.6180339887498614
0.924805 -1.9021130325902817
0.925293 -2.0000000000000000
0.925781 -1.9021130325903479
0.926270 -1.6180339887498532
0.926758 -1.1755705045849092
0.927246 -0.6180339887498749
0.927734 -0.0000000000000039
0.928223 0.6180339887498675
0.928711 1.1755705045849028
0.929199 1.6180339887498487
0.929688 1.9021130325902751
0.930176 2.0000000000000000
0.930664 1.9021130325903546
0.931152 1.6180339887498658
0.931641 1.1755705045849265
0.932129 0.6180339887498953
0.932617 0.0000000000000255
0.933105 -0.6180339887498469
0.933594 -1.1755705045848854
0.934082 -1.6180339887499697
0.934570 -1.9021130325902684
0.935059 -2.0000000000000000
0.935547 -1.9021130325902909
0.936035 -1.6180339887498787
0.936523 -1.1755705045849441
0.937012 -0.6180339887499159
0.937500 -0.0000000000000470
0.937988 0.6180339887498264
0.938477 1.1755705045848679
0.938965 1.6180339887499569
0.939453 1.9021130325902618
0.939941 2.0000000000000000
0.940430 1.9021130325902975
0.940918 1.6180339887498913
0.941406 1.1755705045849614
0.941895 0.6180339887499364
0.942383 0.0000000000000686
0.942871 -0.6180339887500221
0.943359 -1.1755705045848506
0.943848 -1.6180339887499442
0.944336 -1.9021130325903255
0.944824 -2.0000000000000000
0.945312 -1.9021130325903042
0.945801 -1.6180339887499040
0.946289 -1.1755705045849789
0.946777 -0.6180339887499570
0.947266 -0.0000000000000901
0.947754 0.6180339887500017
0.948242 1.1755705045850171
0.948730 1.6180339887499315
0.949219 1.9021130325903188
0.949707 2.0000000000000000
0.950195 1.9021130325903108
0.950684 1.6180339887499167
0.951172 1.1755705045849965
0.951660 0.6180339887497611
0.952148 0.0000000000001117
0.952637 -0.6180339887499812
0.953125 -1.1755705045849996
0.953613 -1.6180339887499189
0.954102 -1.9021130325903122
0.954590 -2.0000000000000000
0.955078 -1.9021130325903175
0.955566 -1.6180339887499293
0.956055 -1.1755705045850138
0.956543 -0.6180339887497817
0.957031 0.0000000000000941
0.957520 0.6180339887499606
0.958008 1.1755705045849820
0.958496 1.6180339887499062
0.958984 1.9021130325903055
0.959473 2.0000000000000000
0.959961 1.9021130325903242
0.960449 1.6180339887498083
0.960938 1.1755705045850313
0.961426 0.6180339887498022
0.961914 -0.0000000000000725
0.962402 -0.6180339887499402
0.962891 -1.1755705045849647
0.963379 -1.6180339887498936
0.963867 -1.9021130325902988
0.964355 -2.0000000000000000
0.964844 -1.9021130325903308
0.965332 -1.6180339887498210
0.965820 -1.1755705045848648
0.966309 -0.6180339887498227
0.966797 0.0000000000000510
0.967285 0.6180339887499197
0.967773 1.1755705045849472
0.968262 1.6180339887498809
0.968750 1.9021130325902922
0.969238 2.0000000000000000
0.969727 1.9021130325903375
0.970215 1.6180339887498336
0.970703 1.1755705045848821
0.971191 0.6180339887498432
0.971680 -0.0000000000000294
0.972168 -0.6180339887498991
0.972656 -1.1755705045849298
0.973145 -1.6180339887500019
0.973633 -1.9021130325902855
0.974121 -2.0000000000000000
0.974609 -1.9021130325902740
0.975098 -1.6180339887498463
0.975586 -1.1755705045848996
0.976074 -0.6180339887498637
0.976562 0.0000000000000079
0.977051 0.6180339887498787
0.977539 1.1755705045849123
0.978027 1.6180339887499893
0.978516 1.9021130325902789
0.979004 2.0000000000000000
0.979492 1.9021130325903508
0.979980 1.6180339887498589
0.980469 1.1755705045849170
0.980957 0.6180339887498842
0.981445 0.0000000000000137
0.981934 -0.6180339887500744
0.982422 -1.1755705045848950
0.982910 -1.6180339887498429
0.983398 -1.9021130325902722
0.983887 -2.0000000000000000
0.984375 -1.9021130325902873
0.984863 -1.6180339887498716
0.985352 -1.1755705045851184
0.985840 -0.6180339887499047
0.986328 -0.0000000000000353
0.986816 0.6180339887498376
0.987305 1.1755705045848774
0.987793 1.6180339887499640
0.988281 1.9021130325903357
0.988770 2.0000000000000000
0.989258 1.9021130325903641
0.989746 1.6180339887498842
0.990234 1.1755705045849520
0.990723 0.6180339887499252
0.991211 0.0000000000000568
0.991699 -0.6180339887500333
0.992188 -1.1755705045850440
0.992676 -1.6180339887498176
0.993164 -1.9021130325902589
0.993652 -2.0000000000000000
0.994141 -1.9021130325903006
0.994629 -1.6180339887498971
0.995117 -1.1755705045849694
0.995605 -0.6180339887497295
0.996094 -0.0000000000000784
0.996582 0.6180339887497966
0.997070 1.1755705045848426
0.997559 1.6180339887499384
0.998047 1.9021130325903224
0.998535 2.0000000000000000
0.999023 1.9021130325903073
0.999512 1.6180339887497761
