0 7.0974240980204906
1 10.6329692331268522
2 13.4616346927694224
3 15.3618740028237433
4 16.3609763582744918
5 14.7220519742351748
6 12.7964223365326148
7 10.8961806475149388
8 9.2501210128162263
9 7.8608979881481300
10 6.4356763302893008
11 2.7324794127979670
12 -1.0997274064972533
13 -4.6397507936331959
14 -7.5718346387351136
15 -7.9295757926306791
16 -7.9966300719426142
17 -7.9926996073819847
18 -7.8893890849196842
19 -7.4320653148573150
20 -6.3641801870930355
21 -2.7285535142644584
22 1.1006240645961745
23 4.6404476251686155
24 5.5722178179556776
25 5.9294892771445999
26 5.9968143290101859
27 5.9928136300716348
28 5.8890131349611634
29 5.4322348308775217
30 4.3712043151923607
31 0.8320450673470354
32 -2.6434591883510525
33 -5.5723421423124000
34 -7.9296375369839822
35 -7.9974725355305045
36 -7.9999535627588063
37 -7.9931135525416046
38 -7.8898521656736413
39 -7.4322991526660225
40 -6.3642510974245807
41 -2.7286962310908809
42 1.1004850676201352
43 4.6403562026248668
44 5.5721735927663349
45 5.9294556734321384
46 5.9967652436418541
47 5.9927712781993785
48 5.8889881863668334
49 5.4322233290625537
50 2.3711924451974724
51 -1.1683158900292834
52 -4.6435646799411021
53 -7.5724495631029907
54 -9.9301521120860023
55 -9.9973963322155370
56 -9.9930194635630620
57 -9.8897022511227703
58 -9.4327398301198571
59 -8.3642227541661445
60 -6.7217049924205092
61 -2.7963639977343977
62 1.0974209286022658
63 4.6401514314336065
64 7.5718342086799337
65 7.9296447472666554
66 7.9968613639675539
67 7.9928068440322733
68 7.8894178645295368
69 7.4320833354663058
70 4.3642303907311986
71 0.7282706161578174
72 -3.1006902393491780
73 -6.6405434304064741
74 -7.5727205904297854
75 -7.9293819523670850
76 -7.9898540622614540
77 -7.8893964473881084
78 -7.4319053092392249
79 -6.3641558564087841
80 -4.7286396932516519
81 -0.8997086592276062
82 2.6403818957804797
83 5.5721193712875419
84 5.9293052019569554
85 5.9969738465581255
86 5.9998552889977050
87 5.9929343015931824
88 5.8892554743287038
89 5.4323272752783476
90 4.3711746827646065
91 0.8320981508222127
92 -2.6434045696458428
93 -5.5723074124816696
94 -7.9296300248496836
95 -7.9974705707623155
96 -7.9999387097054715
97 -7.9930957666721296
98 -7.8898342567730086
99 -7.4322923172903730
100 -4.3642480256158311
101 -0.7283450111934560
102 1.1006028307108693
103 4.6401384942686246
104 7.5726105340681196
105 9.9296392500072699
106 11.9897815634676022
107 13.8900109221934951
108 15.4398917278065522
109 16.4685471893944282
110 15.1797949383356681
111 13.8580566372234806
112 12.4355642389978911
113 8.7255211621528517
114 4.7896337627659289
115 0.7926410207774968
116 -3.2006377347090309
117 -7.0974634019943963
118 -10.6400154422854101
119 -13.5650052131007115
120 -15.8190320765390133
121 -15.4295520128923620
122 -14.3641352281723478
123 -10.7216688193702065
124 -6.7892256887459776
125 -2.7918447185320385
126 1.2079719984268484
127 5.2011504528567443
128 -3.2012232380176462
129 -5.0972288422198035
130 -8.6330099179247917
131 -11.4616148138552170
132 -13.3613976985610847
133 -14.3610961028201309
134 -14.7290361947277386
135 -12.9002206945880431
136 -11.3534075380738635
137 -10.3183112302139595
138 -9.5039761872244544
139 -8.3679455670575678
140 -4.7224836220149395
141 -0.7966542020053673
142 3.0971905305892049
143 6.6400548010303986
144 7.5721164483484991
145 7.9290252984689387
146 7.9897042931659232
147 7.8892211992302519
148 7.4317348370911569
149 6.3640210999142557
150 2.7285662133908808
151 -1.1006868140545194
152 -4.6405376406893897
153 -7.5722865455598969
154 -9.9298573849857021
155 -9.9972616848645774
156 -9.9930343433514306
157 -9.8896530909233071
158 -9.4326832818349189
159 -8.3641853931509100
160 -6.7216920011151782
161 -2.7963699406186628
162 1.0974242404026535
163 4.6401542064464003
164 5.5718418886480539
165 5.9292941940499713
166 5.9967617949488297
167 5.9927034663360903
168 5.8889086564112372
169 5.4321665600146201
170 2.3711657758342528
171 -1.1683203217970592
172 -4.6435817189675710
173 -7.5724674310552267
174 -7.9301715244338444
175 -7.9970535499690296
176 -7.9929284133814091
177 -7.8896116161091374
178 -7.4322430814629792
179 -6.3643151215356335
180 -4.7286453665397472
181 -0.8997838375498723
182 2.6402974965102350
183 5.5720612786640080
184 5.9292817539023588
185 5.9969628587097930
186 5.9998304465514529
187 5.9929117573406208
188 5.8892410308632606
189 5.4323214935722497
190 2.3711696915078666
191 -1.1682499999126896
192 -4.6435000476231778
193 -7.5724116028246291
194 -7.9301512229714106
195 -7.9970467378005994
196 -7.9929063996284162
197 -7.8895894883003272
198 -7.4322302428339828
199 -6.3643132977481116
200 -2.7286468685105012
201 1.1005647962129217
202 4.6403947413814173
203 7.5721638135582783
204 7.9297909271205054
205 7.9968800013521033
206 7.9928904804891419
207 7.8894975335965984
208 7.4321268736092634
209 6.3642419227983256
210 2.7286201897245856
211 -1.1005850579159207
212 -4.6404364408793350
213 -7.5722071504603665
214 -9.9298127025380563
215 -9.9972373883577959
216 -9.9930024862116387
217 -9.8896236275459284
218 -9.4326584810833047
219 -8.3641717780807863
220 -4.7216857433372237
221 -0.7960182508859592
222 3.0975253010472250
223 6.6402642610909020
224 7.5723584284629535
225 7.9292150617003614
226 7.9898205712009576
227 7.8892910279194730
228 7.4318021389067450
229 6.3640940588861525
230 4.7286119094013603
231 2.8996822754844787
232 -0.6400809321643592
233 -3.5720758646274220
234 -5.9292417296232962
235 -7.9968369169439217
236 -10.0004101369861544
237 -12.0004521564806694
238 -13.9937515775169175
239 -15.8904258824260101
240 -17.4332883319118537
241 -16.3652731566553129
242 -12.7224414052884249
243 -8.7897008385909388
244 -4.7925772612960840
245 -0.7921828531032702
246 3.2078855755825666
247 7.2006885049814864
248 11.0903295704498071
249 14.5297356151643733
250 15.0044588885596610
251 14.2934204505222482
252 10.7184248616843369
253 6.7887092340376665
254 2.7913644882998097
255 -1.2081290869673726
256 -4.7913834641334194
257 -2.7922260789403950
258 -0.7992337570259094
259 1.0970114703978324
260 4.6323836032018404
261 7.4611750384765516
262 9.3684104321329880
263 10.4714319591772806
264 9.2895496881958497
265 8.4250513185218630
266 8.0639316845865938
267 7.8930848361713561
268 7.4327186570881913
269 6.3647359578830560
270 2.7288664410388637
271 -1.1004318193900935
272 -4.6402453121735956
273 -7.5720602024412704
274 -7.9297284221180675
275 -7.9968397529797191
276 -7.9928582490073010
277 -7.8894704808449561
278 -7.4321110781820314
279 -6.3642317018030798
280 -2.7286093401805225
281 1.1005910655819315
282 4.6404339370505419
283 7.5722000477869544
284 7.9298147488582487
285 7.9968909283362404
286 7.9929054805760327
287 7.8895158209891907
288 7.4321434062959275
289 6.3642528552199638
290 2.7286261975707613
291 -1.1005762848276759
292 -4.6404255332419169
293 -7.5721968303466625
294 -9.9298057114519374
295 -9.9972318455260929
296 -9.9929954315138509
297 -9.8896131554208679
298 -9.4326478647639718
299 -8.3641650370945229
300 -4.7216817841766048
301 -0.7960089534732774
302 3.0975395702565738
303 6.6402781369552422
304 9.5723607744736157
305 9.9295667160627605
306 9.9899268447820866
307 9.8894050142161216
308 9.4323174449279339
309 8.3640139997297336
310 4.7216812083190867
311 0.7959424282349686
312 -3.0976127735277350
313 -6.6403236153798284
314 -7.5723790641219564
315 -7.9292235305852605
316 -7.9898483678460179
317 -7.8893188340731957
318 -7.4318151667325818
319 -6.3640944786593332
320 -4.7286185694710809
321 -0.8996962505533456
322 2.6404132625098109
323 5.5721524553650887
324 7.9293182334795231
325 7.9973246614877480
326 7.9999591703366288
327 7.9930491447343641
328 7.8897742744558093
329 7.4322465923682381
330 6.3642335829386720
331 2.7286896774823592
332 -1.1005102374641247
333 -4.6403835188555416
334 -7.5721835753726161
335 -7.9298047228731185
336 -7.9968669963049432
337 -7.9928833616379515
338 -7.8895047886693739
339 -7.4321434644306184
340 -4.3642518145440219
341 -0.7282761719497235
342 3.1006711980200103
343 6.6405246585294098
344 9.5727023589145759
345 9.9297273128059054
346 9.9899457467990160
347 9.8894885021282626
348 9.4324034328553417
349 8.3640666777388919
350 6.7216995362326077
351 2.7962913999510968
352 -1.0975023909318589
353 -4.6402070519569643
354 -5.5718596649997760
355 -5.9293089982382234
356 -5.9967931837178927
357 -5.9927365295565949
358 -7.8889289234957962
359 -9.4325184974285907
360 -10.3716119055135430
361 -8.8325656449555972
362 -5.3575608439255973
363 -2.4282429831550241
364 -0.0639116908486344
365 2.1074243147507628
366 4.5678713033600760
367 7.6291201101226083
368 11.1615699910720672
369 14.5334385254961642
370 17.0051169054759086
371 16.2943241148415012
372 12.7188391097921123
373 8.7890133483474226
374 4.7920916808822369
375 0.7919510094525503
376 -3.2080413716127625
377 -7.2008954350859051
378 -11.0904868542813730
379 -14.5298201204145769
380 -15.0045134235540232
381 -14.2934741169400308
382 -10.7184847973081308
383 -6.7887497269694022
384 16.7216386252355207
385 14.7897455269881064
386 12.7927672421521521
387 10.7926111409699494
388 8.7934245553578805
389 6.7999916618444010
390 2.8966256819439518
391 -0.7429542166725303
392 -4.0285634916389963
393 -6.9970147305893775
394 -7.6396306528771829
395 -7.9320254058893109
396 -7.9897628854678544
397 -7.8894184613186020
398 -7.4318157373713252
399 -6.3639975858669819
400 -2.7286088921624501
401 1.1006494760840986
402 4.6405163955211144
403 7.5722815274125113
404 9.9298578390380516
405 9.9972545777882011
406 9.9930290275558828
407 9.8896508283880635
408 9.4326848004612209
409 8.3641844586814749
410 6.7216915316102464
411 2.7963690726527428
412 -1.0974232668745403
413 -4.6401503703214697
414 -5.5718400699951314
415 -5.9292933726884511
416 -5.9967608502693635
417 -5.9927001348661220
418 -5.8889039546501074
419 -5.4321628153884465
420 -2.3711657473173831
421 1.1683244815600009
422 4.6435900229642320
423 7.5724767719473416
424 9.9301713448240374
425 9.9974021147336920
426 9.9930271578633558
427 9.8897172299281024
428 9.4327547756837404
429 8.3642327140812984
430 6.7217059600986087
431 2.7963732898331513
432 -1.0974064746917387
433 -4.6401373377479302
434 -5.5718325505490416
435 -5.9292945728671471
436 -5.9967582112341846
437 -5.9926976679076525
438 -5.8889044265101731
439 -5.4321657527578804
440 -2.3711677403524694
441 1.1683224716194949
442 4.6435828241681731
443 7.5724669892180563
444 7.9301695251121780
445 7.9970530664997455
446 7.9929283732004412
447 7.8896093239679077
448 7.4322391791930826
449 6.3643113584530999
450 4.7286457918657190
451 0.8997800576731914
452 -2.6403046968395025
453 -5.5720700803664611
454 -7.9292812198845528
455 -7.9973113187519669
456 -7.9999288839863301
457 -7.9930163131558380
458 -7.8897519660248436
459 -7.4322389138785656
460 -4.3642303935830142
461 -0.7283387574089026
462 3.1006102648959075
463 6.6404883674808284
464 7.5727017401863161
465 7.9293785420639455
466 7.9898357902608943
467 7.8893772336258481
468 7.4318939457318347
469 6.3641570823537315
470 2.7286459613530969
471 -1.1006341334174694
472 -4.6404753750602339
473 -7.5722198495904509
474 -7.9298094328649311
475 -7.9968830807745892
476 -7.9929074407418215
477 -7.8895158520058946
478 -7.4321371505680478
479 -6.3642377112140265
480 -4.7286094902173046
481 -0.8997515850220124
482 2.6403461345402621
483 5.5721123495438487
484 7.9293174449980857
485 7.9973418125763267
486 9.9999585335722436
487 11.9933930720167954
488 13.8902225616141610
489 15.4328021330348975
490 14.3652957455648611
491 12.7293146299724995
492 8.8934230235061555
493 5.2497771726872760
494 1.8603556797557737
495 -1.5648467557598709
496 -5.2684577547950395
497 -9.1003468711201450
498 -12.6333624009561358
499 -15.4619135538294898
500 -15.3620079588814669
501 -14.3610711631051196
502 -10.7215619794331332
503 -6.7889847619276829
504 -2.7917367277186993
505 1.2079650915553244
506 5.2012094821800021
507 9.0974719064390648
508 12.6333416115406862
509 15.4617422343728279
510 17.3619903695927107
511 16.3615145226564955
512 -15.8190923127434360
513 -17.4295783816337746
514 -16.3645351818889040
515 -14.7218240640318214
516 -12.7896990395119321
517 -10.7928008648785543
518 -8.7924902701551151
519 -6.7929742100790644
520 -2.8001479272375218
521 1.0967275787534465
522 4.6396172423777990
523 7.5715512439675781
524 7.9294375498584344
525 7.9966335386576519
526 7.9926469284706236
527 7.8893238980327967
528 7.4320180558640834
529 6.3641619128361020
530 4.7285423294339424
531 0.8996941680870902
532 -2.6403806660601559
533 -5.5721258050451699
534 -5.9293279861942167
535 -5.9969997076238428
536 -5.9998664748494734
537 -5.9929415130799191
538 -5.8892629127636464
539 -5.4323378775722748
540 -2.3711873520129672
541 1.1682361826774219
542 4.6434922767941451
543 7.5724080859898093
544 9.9301403764365510
545 9.9973853219432467
546 9.9929959843004443
547 9.8896866378606738
548 9.4327350498009714
549 8.3642250407507692
550 4.7217019023451874
551 0.7960194764711863
552 -3.0975086381410826
553 -6.6402439993043494
554 -7.5723449978516815
555 -7.9292143655488614
556 -7.9898215033539941
557 -7.8892864294688279
558 -7.4317922921992032
559 -6.3640872328500055
560 -2.7286191650289475
561 1.1006553638927301
562 4.6405177162983424
563 7.5722627169843832
564 9.9298324731023939
565 9.9972437313929667
566 9.9930235808579582
567 9.8896442696417743
568 9.4326709476934631
569 8.3641742087959408
570 6.7216846675919406
571 2.7963647046509967
572 -1.0974290472326611
573 -4.6401595475619528
574 -5.5718458217220590
575 -5.9292972335926395
576 -5.9967639355634761
577 -5.9927048228717101
578 -5.8889088772927147
579 -5.4321664723732441
580 -2.3711682786220827
581 1.1683217074152195
582 4.6435857681295580
583 7.5724733550620620
584 9.9301687826924034
585 9.9974000148956375
586 9.9930242180079638
587 9.8897137066540903
588 9.4327520298707839
589 8.3642305908388330
590 6.7217035387973318
591 2.7963698141742883
592 -1.0974097695152496
593 -4.6401399578478104
594 -5.5718350126354537
595 -5.9292980761604737
596 -5.9967625097006350
597 -5.9927013208815296
598 -5.8889075302565992
599 -5.4321695882875431
600 -2.3711731885985570
601 1.1683168112488334
602 4.6435782301890605
603 7.5724622423623931
604 7.9301626190636316
605 7.9970443095516988
606 7.9929201152409597
607 7.8896019713537990
608 7.4322297900572272
609 6.3642974964956256
610 4.7286300661338014
611 0.8997666759211986
612 -2.6403190133855876
613 -5.5720905192082695
614 -7.9293090490772942
615 -9.9973349740001112
616 -12.0002956434533949
617 -13.9934763470824137
618 -15.8903152172909952
619 -17.4333075273768223
620 -16.3652093383042612
621 -14.7223659986763202
622 -10.7900023774844858
623 -6.7926614021205260
624 -2.7922758466163269
625 1.2074039308336884
626 5.2007989088394186
627 9.0972837267194961
628 12.6331519055200978
629 15.4615820286748651
630 15.3618627778654648
631 14.3610827655174198
632 12.7214941294533297
633 8.7892525433020161
634 4.7917808737127459
635 0.7921248060755968
636 -3.2006984934513207
637 -7.0975710445275864
638 -10.6403018611835396
639 -13.5651605982191654
640 8.6403869309763479
641 11.5648704032748313
642 13.8190148511381814
643 15.4294815358283017
644 14.3640476705179019
645 12.7219306955578446
646 10.7966528269957855
647 8.8962148354844430
648 7.2496063744849444
649 5.8610614454647747
650 2.4427075819391306
651 -1.1643923457700396
652 -4.6426879120753428
653 -7.5717592230599777
654 -7.9297680594353901
655 -7.9967865149603075
656 -7.9926477188667988
657 -7.8893918648119943
658 -7.4320947213092801
659 -6.3642138068460650
660 -4.7285621170494005
661 -0.8996973352460924
662 2.6403668513922147
663 5.5721132485437828
664 7.9293144034939225
665 7.9973461883481152
666 7.9999602762996043
667 7.9930381598736453
668 7.8897669464928244
669 7.4322522102402360
670 4.3642487839089270
671 0.7283504486487757
672 -3.1006051968557746
673 -6.6404866581741455
674 -9.5726909175491812
675 -9.9297166143149873
676 -9.9899253592739026
677 -9.8894741061347613
678 -9.4323981541465649
679 -8.3640672084879970
680 -4.7216991218050728
681 -0.7959477672534891
682 3.0975919276210155
683 6.6403020879775010
684 7.5723666364079882
685 7.9292218830866394
686 7.9898441290844797
687 7.8893099021147535
688 7.4318072746974755
689 6.3640904392246682
690 4.7286188872688113
691 0.8996935391456582
692 -2.6404183848373104
693 -5.5721569437181575
694 -7.9293205763754377
695 -7.9973255104941519
696 -7.9999620111541265
697 -7.9930542004189284
698 -7.8897794939455643
699 -7.4322494313675502
700 -6.3642339226482703
701 -2.7286948639777329
702 1.1005018468893286
703 4.6403745656542608
704 5.5721845647903194
705 5.9294557067324831
706 5.9967677235992900
707 5.9927781499483110
708 5.8889941373424177
709 5.4322261789053821
710 2.3711909246741802
711 -1.1683135490002585
712 -4.6435612949850409
713 -7.5724473960495393
714 -9.9301516255638251
715 -9.9973956754758220
716 -9.9930172865094846
717 -9.8897005445677379
718 -9.4327387677990640
719 -8.3642224162087171
720 -6.7217030979566363
721 -2.7963620191850254
722 1.0974219934428784
723 4.6401524897601849
724 7.5718361624548516
725 7.9296475884317701
726 7.9968630437369503
727 7.9928080648028015
728 7.8894200498548663
729 7.4320878091862204
730 4.3642341354308369
731 0.7282722873187648
732 -3.1006879790165511
733 -6.6405380741669333
734 -7.5727133016994266
735 -7.9293775390332648
736 -7.9898513083322271
737 -7.8893904611174523
738 -7.4318917979014971
739 -6.3641438526476222
740 -4.7286339932679695
741 -0.8997026341552878
742 0.6404036905420218
743 3.5717999811551864
744 5.9292319010428196
745 7.9972379557110695
746 9.9998074754244453
747 11.9935821440387844
748 13.8972690139750945
749 15.5367213152494159
750 16.8223185341469232
751 15.7907908895010820
752 12.4326514586888521
753 8.7250978653290652
754 4.7897155798567530
755 0.7923000903312014
756 -3.2080753844947680
757 -7.2008512622117369
758 -11.0902636785992215
759 -14.5297298786122031
760 -15.0044963153779545
761 -14.2934714745022120
762 -12.7184427575084413
763 -8.7890453777489572
764 -4.7914655037888432
765 -0.7919906908493133
766 3.2006874223618986
767 7.0976413416761783
768 -3.2012009307631373
769 -5.0971505594598492
770 -6.6329268548067457
771 -9.4612022129887130
772 -11.3612683922955711
773 -12.3609736059261728
774 -10.7285021371936633
775 -8.8999300405034631
776 -7.3602311903387978
777 -6.4216123339406890
778 -5.9605676914619536
779 -5.4360934488622856
780 -2.3719624928993897
781 1.1676103630565553
782 4.6431545852562994
783 7.5721973533516183
784 7.9299097531562932
785 7.9968570609180336
786 7.9927820339476021
787 7.8895095198865572
788 7.4321593982995715
789 6.3642403890799955
790 2.7285936002876450
791 -1.1006056276904435
792 -4.6404292619216339
793 -7.5722025790252099
794 -9.9298185771016101
795 -9.9972492889609690
796 -9.9930049307986870
797 -9.8896184851410780
798 -9.4326577116893908
799 -8.3641760136464018
800 -4.7216912218973262
801 -0.7960165282166844
802 3.0975294530190580
803 6.6402652739788293
804 7.5723562661789767
805 7.9292138918019397
806 7.9898261872591307
807 7.8892975304952291
808 7.4318032809652870
809 6.3640923730297843
810 2.7286179206594374
811 -1.1006486454956081
812 -4.6405054764982721
813 -7.5722499593911650
814 -7.9298316337801715
815 -7.9968941725506273
816 -7.9929219829199818
817 -7.8895343297728182
818 -7.4321550007737205
819 -6.3642536976313755
820 -4.7286230266245619
821 -0.8997699750200638
822 2.6403280397011852
823 5.5720923029577278
824 7.9292952571416517
825 7.9973155991109097
826 7.9999354136415786
827 7.9930239098552303
828 7.8897575951875547
829 7.4322417964941074
830 4.3642325624405220
831 0.7283400152014522
832 -3.1006117516549652
833 -6.6404916073073439
834 -9.5726976762297067
835 -9.9297237801788327
836 -9.9899302482324259
837 -9.8894769413997032
838 -9.4324002988053035
839 -8.3640711707240136
840 -4.7217023427063438
841 -0.7959503580091729
842 3.0975914002418716
843 6.6403018542620469
844 7.5723656093596139
845 7.9292205242225560
846 7.9898439930889413
847 7.8893122772260051
848 7.4318098588661989
849 6.3640921635048660
850 4.7286178744384131
851 0.8996974752363278
852 -2.6404113690142359
853 -5.5721492413456808
854 -5.9293218477671825
855 -5.9969767515858043
856 -5.9998627212774149
857 -5.9929498394200733
858 -5.8892689657488040
859 -5.4323316679457765
860 -4.3711714871431955
861 -0.8321046302733697
862 2.6433925129999700
863 5.5722991155551647
864 5.9296370397865710
865 5.9971286988595907
866 5.9998404423569518
867 5.9929926130034383
868 5.8893340425110399
869 5.4323911765052522
870 4.3711954728120324
871 2.8321033271908873
872 1.3569543854627706
873 -1.5718582645172177
874 -3.9294429837335407
875 -5.9968775427422525
876 -7.9998722654689969
877 -10.0005721258400690
878 -12.0007493927791486
879 -13.9938857830737131
880 -13.8904183238489871
881 -13.4330028300297215
882 -10.3649085411878534
883 -6.7219444798122696
884 -2.7890060702968729
885 1.2079483667368276
886 5.2012834052723385
887 9.0974308841882348
888 12.6332182974668346
889 15.4617287544420208
890 15.3619961308139441
891 14.3611491609045121
892 10.7215184122505960
893 6.7889298115491350
894 2.7917261179667805
895 -1.2079435209991911
896 -6.7888317494326387
897 -4.7919511962602819
898 -2.7919685292309913
899 -0.7994159784313872
900 1.0895039960572861
901 4.5289792003027696
902 7.0109441760880058
903 8.4037180639243978
904 7.2859915788019407
905 6.4249307051470987
906 6.0705566676430678
907 5.9963615254013849
908 5.8898417379814951
909 5.4327454970808304
910 4.3713343261362985
911 0.8321891071581335
912 -2.6432383407344706
913 -5.5721734753273919
914 -5.9295742101563347
915 -5.9971016629741491
916 -5.9998142167686535
917 -5.9929524688379523
918 -5.8893042615515903
919 -5.4323711393928571
920 -2.3711894770117907
921 1.1682525851497259
922 4.6434916816446279
923 7.5723969575021606
924 9.9301330637744432
925 9.9973904471254045
926 9.9930012008227287
927 9.8896835898321367
928 9.4327284007223451
929 8.3642220191908567
930 4.7217072966234968
931 0.7960177815290388
932 -3.0975168525297976
933 -6.6402538344925217
934 -9.5723434775143197
935 -9.9295608139877771
936 -9.9899196236634999
937 -9.8893918699481027
938 -9.4323039026947146
939 -8.3640039286787786
940 -4.7216794247236678
941 -0.7959342149324465
942 3.0976266666646461
943 6.6403383615982179
944 9.5723826800641447
945 9.9295744914377657
946 9.9899512601007654
947 9.8894295487381303
948 9.4323324659026540
949 8.3640160599000186
950 6.7216809382503877
951 2.7962922387519171
952 -1.0975142525963426
953 -4.6402194374128625
954 -5.5718689072784855
955 -5.9293055006146886
956 -5.9967878247197852
957 -5.9927316078825807
958 -5.8889275465830018
959 -5.4321724973309653
960 -4.3711675545948090
961 -0.8320311057998084
962 2.6434793863016273
963 5.5723597141250245
964 5.9296584138995501
965 5.9971340938855544
966 5.9998646333413559
967 5.9930199257126358
968 5.8893510283501946
969 5.4323900285969868
970 4.3711936053934988
971 0.8321120760521832
972 -2.6433705676698147
973 -5.5722756017204631
974 -5.9296200824051342
975 -5.9971225432701525
976 -5.9998348848763463
977 -5.9929833485667308
978 -5.8893237594997077
979 -5.4323800803581506
980 -2.3711945721701917
981 1.1682440341644549
982 4.6434809114313644
983 7.5723915196136522
984 9.9301300892222262
985 9.9973883065314944
986 9.9929952557547619
987 9.8896771040263154
988 9.4327228368171827
989 8.3642177531853470
990 4.7217024094594455
991 0.7960102659012893
992 -3.0975258376167010
993 -6.6402633098728217
994 -9.5723506469246011
995 -9.9295704939510117
996 -9.9899333436771620
997 -9.8894098563574460
998 -11.4323160929021164
999 -12.3643619460077119
1000 -10.7221297571358960
1001 -8.7964824235674470
1002 -6.9034224232717758
1003 -3.3606243567307086
1004 -0.4212859213020486
1005 2.0394137164872874
1006 4.5573501719057914
1007 7.5255085202701189
1008 10.7109779443664976
1009 13.5685617597035098
1010 15.8196594758445830
1011 15.4299981797270735
1012 14.3643538994472948
1013 10.7218254086299982
1014 6.7894201889365950
1015 2.7919890173698168
1016 -1.2078930594433686
1017 -5.2010958956034505
1018 -9.0973682212215152
1019 -12.6332519655035327
1020 -15.4616846061047433
1021 -15.3619529465055944
1022 -12.3611369054776148
1023 -8.7211732008768745
1024 14.7185904108199352
1025 12.7892071158368807
1026 10.7923439615072443
1027 8.7923469518936130
1028 6.7929109081277241
1029 4.8000074125812286
1030 0.9034886495641761
1031 -2.6396033486009935
1032 -5.5714855295913379
1033 -7.9289541862076156
1034 -9.9971008935638430
1035 -10.0000652663332588
1036 -9.9929503714683214
1037 -9.8897441084189612
1038 -9.4326734068432945
1039 -8.3640849139356988
1040 -4.7216822918202954
1041 -0.7960227334474030
1042 3.0975338602671316
1043 6.6402866070465443
1044 7.5723812789437819
1045 7.9292236412053745
1046 7.9898327072090929
1047 7.8893064321881168
1048 7.4318172495432604
1049 6.3641014771714817
1050 2.7286240042234260
1051 -1.1006425288206412
1052 -4.6404998289578510
1053 -7.5722425449745181
1054 -7.9298278481554814
1055 -7.9968906253872021
1056 -7.9929190039883702
1057 -7.8895325091372683
1058 -7.4321540887923350
1059 -6.3642529510948931
1060 -4.7286195403950746
1061 -0.8997713539592507
1062 2.6403252458878486
1063 5.5720879324489729
1064 5.9292996753896592
1065 5.9969697051101161
1066 5.9998397961172127
1067 5.9929244417775021
1068 5.8892521835805400
1069 5.4323289924374247
1070 2.3711731616853724
1071 -1.1682432758058643
1072 -4.6434932665460522
1073 -7.5724054376080021
1074 -7.9301465778971734
1075 -7.9970425452382496
1076 -7.9929017622987413
1077 -7.8895849263105982
1078 -7.4322253418417787
1079 -6.3643092195609832
1080 -2.7286425691680964
1081 1.1005680298111813
1082 4.6403991964800042
1083 7.5721695216963996
1084 7.9297963249181223
1085 7.9968840220378468
1086 7.9928941861455280
1087 7.8895042349858029
1088 7.4321352221612136
1089 6.3642494204274449
1090 2.7286231820181275
1091 -1.1005783141636107
1092 -4.6404240899127851
1093 -7.5721927679099998
1094 -7.9298084582028370
1095 -7.9968856813127820
1096 -7.9928994715473403
1097 -7.8895110903161907
1098 -7.4321387667434040
1099 -6.3642483819750568
1100 -2.7286222997583409
1101 1.1005797825925150
1102 4.6404285687891846
1103 7.5722005469553784
1104 9.9298093431825762
1105 9.9972357165853918
1106 9.9929987192986722
1107 9.8896171476709398
1108 9.4326524906110176
1109 8.3641696317244829
1110 4.7216865892460937
1111 0.7960133305671677
1112 -3.0975333522553887
1113 -6.6402715147548497
1114 -9.5723535202600232
1115 -9.9295598435486507
1116 -9.9899186019108726
1117 -9.8893943820122061
1118 -9.4323058494925771
1119 -8.3640008354829654
1120 -4.7216693335461928
1121 -0.7959247075338491
1122 3.0976325382917667
1123 6.6403470639622943
1124 9.5723977655323811
1125 9.9295962264348834
1126 11.9899670955456727
1127 13.8897885862663202
1128 15.4327875539262411
1129 16.3645704408560064
1130 16.7227405249809493
1131 14.7972576208502797
1132 10.8965076858870109
1133 7.2500362940507124
1134 3.8611823466111987
1135 0.4352191413251850
1136 -3.2754189703576304
1137 -7.2037113320488002
1138 -11.0904044909741835
1139 -14.5299354769097686
1140 -17.0045386424369980
1141 -16.2937469726286288
1142 -12.7185701079924982
1143 -8.7888547829141608
1144 -4.7918981047778519
1145 -0.7917971612363465
1146 3.2081500271961012
1147 7.2009582582368656
1148 11.0905411049698515
1149 14.5298750517406354
1150 17.0045512796631364
1151 16.2938433979385451
1152 -15.4616495678244643
1153 -17.3619199230191938
1154 -18.3614655231620603
1155 -16.7219624592120724
1156 -14.7894614076775248
1157 -12.7927463889683040
1158 -10.7929965894632431
1159 -8.7928193748534369
1160 -4.7931279224104584
1161 -0.7998004634055986
1162 3.0967545109796051
1163 6.6396417571920647
1164 9.5720071936401769
1165 9.9293345912210853
1166 9.9896877579392935
1167 9.8892166530780550
1168 9.4321947164980937
1169 8.3639289851368854
1170 6.7216072131969957
1171 2.7962149892019932
1172 -1.0975760007918662
1173 -4.6402601729180217
1174 -5.5718984190333698
1175 -5.9293363618739967
1176 -5.9968177896469470
1177 -5.9927549559851148
1178 -5.8889443352442106
1179 -5.4321863657970120
1180 -4.3711837126039299
1181 -0.8320452879389704
1182 2.6434676247684332
1183 5.5723499551471374
1184 5.9296491286065311
1185 5.9971252688288672
1186 5.9998565396129626
1187 5.9930113802738045
1188 5.8893429312370653
1189 5.4323822895728631
1190 4.3711892325149924
1191 0.8321040586248811
1192 -2.6433810016588666
1193 -5.5722863742529078
1194 -7.9296217636094291
1195 -7.9974734326670767
1196 -7.9999357171753003
1197 -7.9930890237899517
1198 -7.8898351847580601
1199 -7.4322979832026022
1200 -4.3642562080334502
1201 -0.7283459575227181
1202 3.1005918970179187
1203 6.6404698352153568
1204 9.5726821628258421
1205 9.9297199556859201
1206 9.9899255841043626
1207 9.8894683216099182
1208 9.4323915797750235
1209 8.3640653006829631
1210 4.7217019725081641
1211 0.7959471412364989
1212 -3.0975960154301290
1213 -6.6403063677880141
1214 -7.5723679527135879
1215 -7.9292216529353308
1216 -7.9898463034642990
1217 -7.8893152434864460
1218 -7.4318126106129823
1219 -6.3640930160507185
1220 -4.7286190520781197
1221 -0.8996991917151487
1222 2.6404089948294773
1223 5.5721473749268116
1224 5.9293210523427495
1225 5.9969758018581159
1226 5.9998612709676591
1227 5.9929475581366205
1228 5.8892675541862900
1229 5.4323308016132366
1230 4.3711711057292124
1231 0.8321031110442236
1232 -2.6433942244781625
1233 -5.5722996629200150
1234 -5.9296363512248371
1235 -5.9971276536835960
1236 -5.9998426742309308
1237 -5.9929943171390088
1238 -5.8893339906984297
1239 -5.4323868936813646
1240 -2.3711983374308865
1241 1.1682371162501051
1242 4.6434743207287328
1243 7.5723852884075828
1244 9.9301242868829664
1245 9.9973811897529394
1246 9.9929882383737656
1247 9.8896709018302200
1248 9.4327156317083158
1249 8.3642074373628468
1250 4.7216904565705251
1251 0.7960021604351684
1252 -3.0975341000702166
1253 -6.6402765464126743
1254 -9.5723721398235817
1255 -11.9295852399086471
1256 -13.9902885423008350
1257 -15.8898558652813975
1258 -17.4328705980425021
1259 -18.3650747125458622
1260 -16.7226580073343563
1261 -14.7899659430720050
1262 -10.7929933612239317
1263 -6.7928185990004426
1264 -2.7925926724289316
1265 1.2072518857428096
1266 5.2008158104247730
1267 9.0972328237129254
1268 12.6330819523082738
1269 15.4615261591356603
1270 17.3618381250029046
1271 16.3614208993029493
1272 14.7215684300546048
1273 10.7893337933366702
1274 6.7922755231553236
1275 2.7920354470852997
1276 -1.2076469664447456
1277 -5.2009935991974370
1278 -9.0974195604794588
1279 -12.6332463109516180
1280 9.0905559764870709
1281 12.5295362831884134
1282 15.0044548700115570
1283 16.2937337480576723
1284 14.7184226137275349
1285 12.7893844901018170
1286 10.7993867353043314
1287 8.8962676935237841
1288 7.2499352347962454
1289 5.8611417251817617
1290 2.4426265686423210
1291 -1.1643819112018736
1292 -4.6426347945428983
1293 -7.5717200296458600
1294 -9.9297708361975126
1295 -9.9971511828912707
1296 -9.9927396454721205
1297 -9.8894798520409921
1298 -9.4326009164091502
1299 -8.3641406340758735
1300 -4.7216313918031121
1301 -0.7959469763583735
1302 3.0975683288909641
1303 6.6402837665797021
1304 7.5723738702577723
1305 7.9292434272664547
1306 7.9898501751797371
1307 7.8893108149150333
1308 7.4318111073275901
1309 6.3641025680309946
1310 2.7286334767062748
1311 -1.1006379340015249
1312 -4.6405006761508520
1313 -7.5722463763552250
1314 -7.9298254366891499
1315 -7.9968870545717827
1316 -7.9929182305223403
1317 -7.8895342101370716
1318 -7.4321548197050999
1319 -6.3642508603597179
1320 -4.7286184461780980
1321 -0.8997718718477166
1322 2.6403236784765443
1323 5.5720882062553745
1324 5.9293006366447614
1325 5.9969696014653486
1326 5.9998388504078761
1327 5.9929237886781728
1328 5.8892525541531588
1329 5.4323289370554981
1330 2.3711723899883244
1331 -1.1682442903496593
1332 -4.6434934175784761
1333 -7.5724055565476371
1334 -7.9301474621624486
1335 -7.9970437490445061
1336 -7.9929024174205496
1337 -7.8895852528749622
1338 -7.4322264685880661
1339 -6.3643109606916823
1340 -2.7286440619832790
1341 1.1005678178094120
1342 4.6403979177782562
1343 7.5721669272766290
1344 7.9297935066239953
1345 7.9968826409431735
1346 7.9928930897556398
1347 7.8895006118542321
1348 7.4321300672812978
1349 6.3642450792656726
1350 2.7286228747102355
1351 -1.1005826292379872
1352 -4.6404323947019037
1353 -7.5722027673314347
1354 -9.9298088333788819
1355 -9.9972344342746862
1356 -9.9929986918477649
1357 -9.8896170956934739
1358 -9.4326513739559772
1359 -8.3641666392001124
1360 -4.7216832825691526
1361 -0.7960103401052185
1362 3.0975365395613723
1363 6.6402752407403440
1364 9.5723594334890798
1365 9.9295664825493972
1366 9.9899254801662600
1367 9.8894010979168439
1368 9.4323139721548177
1369 8.3640130173478529
1370 4.7216829763549084
1371 0.7959388168861579
1372 -3.0976199946156040
1373 -6.6403293820002007
1374 -9.5723740329827294
1375 -9.9295692183217241
1376 -9.9899458215308332
1377 -9.8894207701848362
1378 -9.4323173802247382
1379 -8.3640038737900610
1380 -6.7216737607213126
1381 -2.7962831642647346
1382 -0.9024622189026585
1383 2.6399005075586164
1384 5.5717960175695573
1385 7.9295722624138403
1386 9.9967427763306667
1387 11.9933797297845057
1388 13.8969404169863289
1389 15.5365677160315876
1390 16.8223169572708215
1391 15.7907249674202674
1392 12.4325746211677810
1393 8.7250433380234114
1394 4.7896960640632606
1395 0.7922970981531960
1396 -3.2080910222105565
1397 -7.2008694490620533
1398 -11.0902777788747500
1399 -14.5297287737628853
1400 -17.0044868203023540
1401 -16.2938099533684344
1402 -12.7185422705187499
1403 -8.7888024792094868
1404 -4.7918779263789846
1405 -0.7918026067504998
1406 3.2081370976995585
1407 7.2009680832559342
1408 0.7923689142345602
1409 -1.2006437965352212
1410 -3.0969726625851237
1411 -6.6326921620399677
1412 -9.4609335544251749
1413 -11.3613857631906807
1414 -12.3679753383855786
1415 -10.8323932820502389
1416 -9.3569186891168226
1417 -8.4213413952481062
1418 -7.9607314141240506
1419 -7.4357755139611790
1420 -4.3649352668672465
1421 -0.7288439277689398
1422 3.1003791303870187
1423 6.6403516232596393
1424 9.5725064336370345
1425 9.9295689212997473
1426 9.9898480457426651
1427 9.8894316977178072
1428 9.4323588297741772
1429 8.3640172667158481
1430 6.7216600868091358
1431 2.7962696911569420
1432 -1.0975142908027395
1433 -4.6402181041911579
1434 -5.5718741269508456
1435 -5.9293174126914305
1436 -5.9967933115579664
1437 -5.9927315710622437
1438 -5.8889303785744502
1439 -5.4321777152097734
1440 -4.3711749724994355
1441 -0.8320329950534906
1442 2.6434776705224765
1443 5.5723561754986157
1444 5.9296536890334925
1445 5.9971309753410136
1446 5.9998630373789421
1447 5.9930159157650218
1448 5.8893455484608976
1449 5.4323845448841332
1450 4.3711927533263202
1451 0.8321075361867836
1452 -2.6433787238557933
1453 -5.5722852696796830
1454 -7.9296205424185287
1455 -7.9974714677878804
1456 -7.9999338258054422
1457 -7.9930882810957744
1458 -7.8898352662067115
1459 -7.4322976982581910
1460 -4.3642553487298823
1461 -0.7283449015476288
1462 3.1005911828426385
1463 6.6404683648432652
1464 9.5726812266875267
1465 9.9297201503800157
1466 9.9899250591005337
1467 9.8894653678186195
1468 9.4323878496045825
1469 8.3640627070601639
1470 4.7217025371409580
1471 0.7959431950142084
1472 -3.0976033435083941
1473 -6.6403146712490999
1474 -9.5723669468575157
1475 -9.9295700397840516
1476 -9.9899448885157618
1477 -9.8894196734726609
1478 -9.4323232120628173
1479 -8.3640103221204232
1480 -6.7216797250309002
1481 -2.7962880295915022
1482 1.0975193100716334
1483 4.6402240840890112
1484 5.5718715840885507
1485 5.9293073842273394
1486 5.9967905346692607
1487 5.9927349564305379
1488 5.8889308563937748
1489 5.4321743343285824
1490 4.3711696461950069
1491 0.8320331340500937
1492 -2.6434761315314761
1493 -5.5723562535421047
1494 -5.9296557008830977
1495 -5.9971318163620850
1496 -5.9998616082939860
1497 -5.9930151907448916
1498 -5.8893460563359294
1499 -5.4323856308133625
1500 -4.3711913387350174
1501 -0.8321056785785514
1502 2.6433799072343445
1503 5.5722858913901803
1504 7.9296226949115916
1505 7.9974757807471732
1506 7.9999359371092682
1507 7.9930897299105954
1508 7.8898376649063282
1509 7.4323055682499035
1510 6.3642579469351634
1511 4.7286912524496083
1512 2.8998418140267939
1513 -0.6399367909274081
1514 -3.5719931440206221
1515 -5.9292072798138262
1516 -7.9968004667435633
1517 -10.0003588885747661
1518 -12.0004118933785229
1519 -13.9937272720567183
1520 -13.8904135002946347
1521 -13.4329293427793619
1522 -10.3648237682241433
1523 -6.7218855167481273
1524 -2.7889823432464755
1525 1.2079591467630730
1526 5.2013095296110858
1527 9.0974571927495536
1528 12.6332337204559710
1529 15.4617371430610202
1530 17.3620024140418963
1531 16.3615053998764566
1532 14.7216165372207453
1533 10.7893851456788425
1534 6.7923363397245016
1535 2.7920767258758676
1536 -4.7914066926160199
1537 -2.7922502180147668
1538 -0.7992492475368169
1539 1.0970082532729371
1540 2.6323838504020141
1541 5.4608258912610763
1542 7.3683107211495660
1543 8.4713260649484088
1544 7.2890381856605782
1545 6.4251333445956700
1546 6.0708701045302362
1547 5.9964944335108097
1548 5.8898276534503031
1549 5.4328119109565955
1550 2.3714162516146602
1551 -1.1681015784958646
1552 -4.6433180917855914
1553 -7.5722741084722998
1554 -7.9300658843568419
1555 -7.9969973502514469
1556 -7.9928621008407950
1557 -7.8895427769090327
1558 -7.4321942527852993
1559 -6.3642892665558142
1560 -2.7286308487279953
1561 1.1005827531161270
1562 4.6404122128946170
1563 7.5721780501117655
1564 7.9298010898902138
1565 7.9968876665778348
1566 7.9929007071939413
1567 7.8895089312176854
1568 7.4321379196721402
1569 6.3642503434032944
1570 2.7286250962703353
1571 -1.1005756902069765
1572 -4.6404239489272756
1573 -7.5721937881374295
1574 -7.9298096949455381
1575 -7.9968848319034276
1576 -7.9928999512230599
1577 -7.8895139937044485
1578 -7.4321427065894259
1579 -6.3642509281641662
1580 -2.7286216409396515
1581 1.1005747273187338
1582 4.6404210551947056
1583 7.5721923448506905
1584 7.9298109807898491
1585 7.9968862873401987
1586 7.9928989313797771
1587 7.8895130513719582
1588 7.4321434686720664
1589 6.3642532518328148
1590 2.7286224664264105
1591 -1.1005755321209729
1592 -4.6404202225792339
1593 -7.5721897306860937
1594 -7.9298082174153359
1595 -7.9968857763178818
1596 -7.9928983047087616
1597 -7.8895096663604898
1598 -7.4321384704447713
1599 -6.3642495411541553
1600 -2.7286226985113791
1601 1.1005797176062484
1602 4.6404283669247803
1603 7.5721992860309584
1604 9.9298078041042928
1605 9.9972344045260080
1606 9.9929973944670429
1607 9.8896150751390817
1608 9.4326499933598900
1609 8.3641672383794958
1610 4.7216837800544553
1611 0.7960100833292434
1612 -3.0975374942086367
1613 -6.6402753092162348
1614 -9.5723578651993435
1615 -9.9295651276613022
1616 -9.9899253455611721
1617 -9.8894013219937875
1618 -9.4323126303571350
1619 -8.3640099228454705
1620 -4.7216806542664420
1621 -0.7959385901657514
1622 3.0976206044994741
1623 6.6403329916726301
1624 9.5723790644027495
1625 9.9295720675778458
1626 9.9899465556760241
1627 9.8894239445973042
1628 9.4323270773752963
1629 8.3640126655643368
1630 6.7216763224071592
1631 2.7962845149660427
1632 -1.0975231771252258
1633 -4.6402281422354443
1634 -5.5718747502526824
1635 -5.9293151682942824
1636 -5.9968015706288424
1637 -5.9927477801807338
1638 -7.8889365450756941
1639 -9.4325277053971011
1640 -10.3716194522468310
1641 -8.8325774633430214
1642 -7.3575643778865025
1643 -4.4285952972499292
1644 -2.0640123044521705
1645 0.1073184651553231
1646 2.5673579692819315
1647 5.6291999947972942
1648 9.1685069066891351
1649 12.6368486596370495
1650 15.4622252777785540
1651 15.3623986327894482
1652 12.3613875424466393
1653 8.7213430633995745
1654 4.7890192240411888
1655 0.7917360963681825
1656 -3.2083801471676043
1657 -7.2010540394110416
1658 -11.0904903833440294
1659 -14.5298929423208918
1660 -15.0045979760787329
1661 -14.2935331168185300
1662 -10.7185069299152307
1663 -6.7887575026339047
1664 14.7215411352979331
1665 12.7896419398150485
1666 10.7922548334288742
1667 8.7926900226384497
1668 6.8003601306204935
1669 4.9033996053191924
1670 1.3537349644963941
1671 -1.6748836900207444
1672 -4.3860213788154603
1673 -7.0646931393928840
1674 -9.6427029937470170
1675 -9.9325894103233114
1676 -9.9902004681485170
1677 -9.8896818575781502
1678 -9.4323316129693300
1679 -8.3639896025890295
1680 -4.7217556395056723
1681 -0.7959989033288335
1682 3.0976023411990834
1683 6.6403469656030270
1684 9.5723819515381443
1685 9.9295600356828224
1686 9.9899403356425189
1687 9.8894296387742351
1688 9.4323362117110428
1689 8.3640127093055749
1690 6.7216788552215965
1691 2.7962872762856765
1692 -1.0975156724052382
1693 -4.6402221373886636
1694 -7.5718668367250359
1695 -7.9296540685802279
1696 -7.9968844522945570
1697 -7.9928304379842476
1698 -7.8894334358975318
1699 -7.4320868404443861
1700 -6.3642285017908122
1701 -2.7286144512249422
1702 1.1005984065235586
1703 4.6404449093417481
1704 7.5722079571563521
1705 7.9298141591533255
1706 7.9968931423856153
1707 7.9929116672109402
1708 7.8895245912328846
1709 7.4321502139369828
1710 6.3642524888115499
1711 2.7286307088212083
1712 -1.1005640540279962
1713 -4.6404103947645217
1714 -5.5721917401366277
1715 -5.9294596988310468
1716 -5.9967853129698998
1717 -5.9927944063398009
1718 -5.8890027738375075
1719 -5.4322260483110369
1720 -4.3711887239401568
1721 -0.8320350683518041
1722 2.6434613063190811
1723 5.5723397899192584
1724 5.9296450202667756
1725 5.9971321452629809
1726 5.9998617797005833
1727 5.9930126376677890
1728 5.8893437890929627
1729 5.4323857485110310
1730 4.3711948074137315
1731 0.8321106596804460
1732 -2.6433743663905722
1733 -5.5722790497613541
1734 -5.9296212393321968
1735 -5.9971217959272369
1736 -5.9998361057092087
1737 -5.9929862806240459
1738 -5.8893264484921382
1739 -5.4323801749283032
1740 -2.3711925460941750
1741 1.1682411122965783
1742 4.6434766465071000
1743 7.5723874885306293
1744 7.9301357147288387
1745 7.9970429320021417
1746 7.9929011565725787
1747 7.8895802555118797
1748 7.4322213541316193
1749 6.3643081367803696
1750 2.7286473626972323
1751 -1.1005661063748757
1752 -4.6403982523061273
1753 -7.5721680130512397
1754 -7.9297921024675988
1755 -7.9968777812843648
1756 -7.9928886641954495
1757 -7.8894986670624174
1758 -7.4321290850027779
1759 -6.3642389739576890
1760 -2.7286114228855243
1761 1.1005908667585351
1762 4.6404356772332456
1763 7.5722073684078364
1764 7.9298285695752817
1765 7.9969095270343438
1766 9.9929193973003620
1767 11.8898763330432757
1768 13.4326012706186546
1769 14.3648074876620537
1770 12.7296835890157318
1771 10.9003933204832890
1772 7.3536035067294439
1773 4.3180664965885631
1774 1.5032423296092974
1775 -1.6323592643401716
1776 -5.2715277321795000
1777 -9.1004894564986145
1778 -12.6336173101842668
1779 -15.4620139097206000
1780 -15.3619904604602500
1781 -14.3611370815617114
1782 -10.7216242354206308
1783 -6.7890207426044089
1784 -2.7917442405028949
1785 1.2079592801863970
1786 5.2011905683227653
1787 9.0974560821420933
1788 12.6333339283049995
1789 15.4617428485126212
1790 15.3619887005196283
1791 14.3611664436609985
1792 -15.4617576482742614
1793 -17.3619897146411937
1794 -18.3615134784767946
1795 -16.7219951937753137
1796 -14.7895011321009537
1797 -12.7927777648952983
1798 -10.7930230396905156
1799 -8.7928365553879413
1800 -6.7931370098953261
1801 -2.8001590237997096
1802 1.0966461519623678
1803 4.6395223325897037
1804 5.5714906545909466
1805 5.9290636014589566
1806 5.9965253034110759
1807 5.9925194404990929
1808 5.8887892322612121
1809 5.4320840045264305
1810 4.3710937520309816
1811 0.8319549255193275
1812 -2.6435412031290428
1813 -5.5724003241859492
1814 -5.9296878510088789
1815 -5.9971643397023247
1816 -5.9998945992507950
1817 -5.9930428110082214
1818 -5.8893667752647341
1819 -5.4324026606277620
1820 -4.3712090202822198
1821 -0.8321269413184655
1822 2.6433608308199208
1823 5.5722686807332895
1824 5.9296132524270284
1825 5.9971138325034152
1826 5.9998280153991432
1827 5.9929799525253156
1828 5.8893218694978557
1829 5.4323762837709060
1830 2.3711878611465953
1831 -1.1682450129775948
1832 -4.6434793983961571
1833 -7.5723893520257839
1834 -7.9301377395010633
1835 -7.9970450388455436
1836 -7.9929023178703869
1837 -7.8895803603429666
1838 -7.4322214326127360
1839 -6.3643086843835244
1840 -2.7286470492484018
1841 1.1005675254459268
1842 4.6404004149854030
1843 7.5721693187213992
1844 7.9297937603828084
1845 7.9968809693689877
1846 7.9928935580005405
1847 7.8895033609609140
1848 7.4321329263630407
1849 6.3642452760474493
1850 2.7286206207676602
1851 -1.1005793367952230
1852 -4.6404269017425683
1853 -7.5721971935548540
1854 -7.9298133377803603
1855 -7.9968882272228896
1856 -7.9929024243970543
1857 -7.8895168341654989
1858 -7.4321464374632011
1859 -6.3642544971206529
1860 -2.7286245965184701
1861 1.1005726644760188
1862 4.6404173496252206
1863 7.5721876241871424
1864 7.9298066394743527
1865 7.9968834113034237
1866 7.9928955116049281
1867 7.8895069071358206
1868 7.4321365234711871
1869 6.3642473356561009
1870 2.7286198874449972
1871 -1.1005829016839628
1872 -4.6404313177094991
1873 -7.5722017786364049
1874 -9.9298109019192946
1875 -9.9972381660101881
1876 -9.9930016337917600
1877 -9.8896188389752897
1878 -9.4326539275386718
1879 -8.3641720117126344
1880 -4.7216895308179820
1881 -0.7960161645177837
1882 3.0975320033919802
1883 6.6402689926908511
1884 9.5723500242577693
1885 9.9295556198342201
1886 9.9899158604858762
1887 9.8893916199099099
1888 9.4323008872633292
1889 8.3639949944612759
1890 4.7216631137050777
1891 0.7959220963939497
1892 -3.0976392456327040
1893 -6.6403565491473655
1894 -9.5724095622455998
1895 -11.9295998878253382
1896 -13.9903202637184627
1897 -15.8898912848679963
1898 -17.4328938221433134
1899 -18.3650878077542643
1900 -18.7226658241358095
1901 -16.7903270344283655
1902 -14.7930968488316310
1903 -10.7932773020923065
1904 -6.7932056947557982
1905 -2.7927722803603174
1906 1.2072405153183352
1907 5.2007218458357309
1908 9.0971267514726986
1909 12.6330113213077979
1910 15.4614958427628846
1911 15.3618249200765913
1912 14.3610430192862264
1913 10.7214479494298018
1914 6.7888646865495659
1915 2.7916619205406148
1916 -1.2079908563244719
1917 -5.2012268177044012
1918 -9.0975084656072429
1919 -12.6333778516216348
1920 7.0975011581273932
1921 10.6330242030266628
1922 13.4616589716909267
1923 15.3618817767466087
1924 16.3609980367216501
1925 14.7220738059971588
1926 12.7964384236442204
1927 10.8961875590544981
1928 9.2501302919809572
1929 7.8609101277100581
1930 6.4356850169651771
1931 2.7324895784915983
1932 -1.0997191551372643
1933 -4.6397378800270435
1934 -5.5718298736491230
1935 -5.9292221193103769
1936 -5.9965286751217048
1937 -5.9925926571429518
1938 -5.8888741636839743
1939 -5.4321432106855720
1940 -4.3711154841414501
1941 -0.8319629241875814
1942 2.6435176754670611
1943 5.5723759457592053
1944 5.9296724479691019
1945 5.9971612747636787
1946 5.9998886974683812
1947 5.9930325073848252
1948 5.8893573494212337
1949 5.4323981051456061
1950 4.3712089533821086
1951 0.8321230345599364
1952 -2.6433661145338525
1953 -5.5722727004606485
1954 -5.9296142578565920
1955 -5.9971146523274417
1956 -5.9998306096239080
1957 -5.9929829686041547
1958 -5.8893232648157623
1959 -5.4323760026561416
1960 -2.3711886846871026
1961 1.1682432207019238
1962 4.6434778131337238
1963 7.5723893428903741
1964 7.9301381352909619
1965 7.9970443929707011
1966 7.9929009312883599
1967 7.8895801481163641
1968 7.4322223454154717
1969 6.3643091944668324
1970 2.7286465604931984
1971 -1.1005685221385342
1972 -4.6403992916305405
1973 -7.5721675199034815
1974 -7.9297928350276203
1975 -7.9968815087700689
1976 -7.9928928980433458
1977 -7.8895003198345330
1978 -7.4321296624699276
1979 -6.3642436002822933
1980 -2.7286219252362347
1981 1.1005835613143491
1982 4.6404334379672916
1983 7.5722037054820284
1984 9.9298102426257522
1985 9.9972359087396594
1986 9.9930003928887992
1987 9.8896184318069533
1988 9.4326527914746485
1989 8.3641682922533320
1990 4.7216855709873169
1991 0.7960126025486485
1992 -3.0975348519969987
1993 -6.6402733604258799
1994 -9.5723566732196161
1995 -9.9295629753121695
1996 -9.9899226808779389
1997 -9.8893988148063041
1998 -9.4323111073959858
1999 -8.3640080835529158
2000 -4.7216780216685530
2001 -0.7959351138455002
2002 3.0976231245288535
2003 6.6403347986164167
2004 9.5723819886873915
2005 9.9295758644116781
2006 9.9899506842387797
2007 9.8894264204551341
2008 9.4323297925943663
2009 8.3640172630152740
2010 6.7216842059405559
2011 2.7962896967521083
2012 -1.0975193871781443
2013 -4.6402228299191970
2014 -7.5718613419720207
2015 -7.9296493465138198
2016 -7.9968825882653913
2017 -7.9928293194034312
2018 -7.8894249651908464
2019 -7.4320785360315629
2020 -6.3642209804547605
2021 -2.7286111884086943
2022 -0.8993875212486104
2023 2.6401162574460848
2024 5.5721363095645922
2025 7.9297338355242486
2026 9.9967504090599135
2027 11.9934558667982749
2028 13.8970252168463357
2029 15.5366316886899654
2030 16.8223458503471086
2031 15.7907409013196034
2032 14.4325969346476057
2033 10.7254169167422209
2034 6.7898099642095495
2035 2.7924031382366028
2036 -1.2075763227852006
2037 -5.2009426031003789
2038 -9.0972056174244500
2039 -12.6331380304683663
2040 -15.4616016182481086
2041 -15.3618876058299847
2042 -14.3610830474942350
2043 -10.7214760518697396
2044 -6.7889016110166214
2045 -2.7916881140783953
2046 1.2079724206751123
2047 5.2012161056065889
2048 0.0000000000000000
